##FastQC	0.11.8
>>Basic Statistics	pass
#Measure	Value
Filename	m131024_200535_42174_c100563672550000001823084212221342_s1_p0.1.subreads.fastq.gz
File type	Conventional base calls
Encoding	Sanger / Illumina 1.9
Total Sequences	24630
Sequences flagged as poor quality	0
Sequence length	35-19035
%GC	41
>>END_MODULE
>>Per base sequence quality	fail
#Base	Mean	Median	Lower Quartile	Upper Quartile	10th Percentile	90th Percentile
1	6.1174989849776695	5.0	2.0	10.0	1.0	13.0
2	7.189606171335769	7.0	3.0	11.0	2.0	13.0
3	7.753633779943159	8.0	4.0	12.0	2.0	13.0
4	8.169143321153065	9.0	4.0	12.0	2.0	13.0
5	8.341128704831506	9.0	5.0	12.0	2.0	14.0
6	8.55115712545676	9.0	5.0	12.0	2.0	14.0
7	8.608566788469346	9.0	5.0	12.0	3.0	14.0
8	8.741737718229802	9.0	5.0	12.0	3.0	14.0
9	8.765286236297198	9.0	5.0	12.0	3.0	14.0
10-499	9.581740952157054	10.759183673469387	6.663265306122449	12.995918367346938	3.0428571428571427	14.0
500-999	9.799447603997454	11.0	7.0	13.0	3.776	14.0
1000-1499	9.833878496985031	11.0	7.0	13.0	3.93	14.0
1500-1999	9.861394190094131	11.0	7.0	13.0	3.99	14.0
2000-2499	9.87877124258929	11.0	7.0	13.0	3.992	14.0
2500-2999	9.887178499112506	11.0	7.0	13.0	3.992	14.0
3000-3499	9.88424820551685	11.0	7.0	13.0	3.992	14.0
3500-3999	9.882591280951052	11.0	7.0	13.0	3.992	14.0
4000-4499	9.876053152794112	11.0	7.0	13.0	3.992	14.0
4500-4999	9.896792438839503	11.0	7.0	13.0	3.998	14.0
5000-5499	9.897466878135345	11.0	7.0	13.0	3.998	14.0
5500-5999	9.9078090396883	11.0	7.0	13.0	3.998	14.0
6000-6499	9.894385408341305	11.0	7.0	13.0	3.988	14.0
6500-6999	9.88229684671963	11.0	7.0	13.0	3.974	14.0
7000-7499	9.870370068785165	11.0	7.0	13.0	3.962	14.0
7500-7999	9.845091591647645	11.0	7.0	13.0	3.892	14.0
8000-8499	9.86506186826029	11.0	7.002	13.0	3.916	14.0
8500-8999	9.874493272708522	11.0	7.002	13.0	3.932	14.0
9000-9499	9.864955272883181	11.0	7.004	13.0	3.894	14.0
9500-9999	9.8484118428492	11.0	7.01	13.0	3.86	14.0
10000-10499	9.852277060229497	10.994	7.008	13.0	3.834	14.0
10500-10999	9.862593212931014	10.996	7.022	13.0	3.848	14.0
11000-11499	9.850880199759729	10.98	7.016	13.0	3.812	14.0
11500-11999	9.854628168339392	10.97	7.042	13.0	3.82	14.0
12000-12499	9.852656855086769	10.944	7.064	13.0	3.81	14.0
12500-12999	9.815374060043993	10.904	7.006	13.0	3.75	14.0
13000-13499	9.777422845818881	10.828	6.918	13.0	3.674	14.0
13500-13999	9.736687760874824	10.746	6.842	13.0	3.618	14.0
14000-14499	9.805114737581222	10.78	6.93	12.998	3.644	14.0
14500-14999	9.838462428278412	10.794	7.002	12.992	3.676	14.0
15000-15499	9.821286659838481	10.75564681724846	6.944558521560575	12.973305954825461	3.6036960985626285	13.987679671457906
15500-15999	9.858002333588935	NaN	NaN	NaN	NaN	NaN
16000-16499	9.702995932204974	NaN	NaN	NaN	NaN	NaN
16500-16999	9.8141077664112	NaN	NaN	NaN	NaN	NaN
17000-17499	9.731802638481673	NaN	NaN	NaN	NaN	NaN
17500-17999	9.558643434343422	NaN	NaN	NaN	NaN	NaN
18000-18499	9.470591269841272	NaN	NaN	NaN	NaN	NaN
18500-18999	9.626666666666663	NaN	NaN	NaN	NaN	NaN
19000-19035	8.833333333333334	NaN	NaN	NaN	NaN	NaN
>>END_MODULE
>>Per sequence quality scores	fail
#Quality	Count
4	1.0
5	7.0
6	35.0
7	589.0
8	4141.0
9	8179.0
10	9932.0
11	1746.0
>>END_MODULE
>>Per base sequence content	pass
#Base	G	A	T	C
1	21.33576938692651	33.29273244011368	23.499796995533902	21.871701177425905
2	21.680876979293544	32.3020706455542	24.908647990255787	21.108404384896467
3	21.246447421843282	31.75801867641088	26.252537555826226	20.74299634591961
4	20.673974827446205	30.97442143727162	27.503045066991472	20.848558668290703
5	20.29638652050345	30.730816077953715	28.043036946812833	20.929760454730005
6	20.87291920422249	30.15834348355664	28.924076329679256	20.044660982541615
7	20.308566788469346	29.541209906617944	28.327243199350388	21.822980105562323
8	20.21518473406415	29.95127892813642	28.786033292732437	21.047503045066993
9	19.837596427121397	29.143321153065365	29.293544457978076	21.72553796183516
10-499	20.44337164703803	29.60970413286825	28.82659279475348	21.12033142534024
500-999	20.38599949671676	29.819558898920107	29.026842734082585	20.767598870280548
1000-1499	20.357953334334006	29.825266894471707	29.147951766742363	20.66882800445192
1500-1999	20.394161001862287	29.74681908211048	29.175538897919868	20.683481018107365
2000-2499	20.381785439121856	29.76879469162748	29.17846737963273	20.67095248961794
2500-2999	20.396732896141962	29.777211789601292	29.219806849081586	20.60624846517516
3000-3499	20.379770977335152	29.824958677128	29.19666255219509	20.59860779334176
3500-3999	20.372740834673802	29.745677441811253	29.29509027190948	20.586491451605465
4000-4499	20.376770440979147	29.79051036216195	29.270543205825177	20.56217599103373
4500-4999	20.3200156892052	29.78846650010425	29.35339663943104	20.53812117125951
5000-5499	20.339218560885946	29.750479804711983	29.366657780186163	20.543643854215908
5500-5999	20.277792250965565	29.76086950672196	29.437852417026438	20.523485825286038
6000-6499	20.28894411134898	29.768634725706118	29.366153781028864	20.57626738191604
6500-6999	20.269078112798912	29.769769259356956	29.350864823892458	20.610287803951678
7000-7499	20.24961516474339	29.66193821371724	29.529961678266943	20.558484943272433
7500-7999	20.230007473414528	29.72906015527333	29.421118909567113	20.619813461745032
8000-8499	20.17077454259954	29.834410252836964	29.43317841127992	20.561636793283576
8500-8999	20.21610922791424	29.77804408992924	29.52541456940342	20.4804321127531
9000-9499	20.200711769647757	29.80209389574147	29.503824003376284	20.493370331234484
9500-9999	20.247426270870438	29.68149924572086	29.58241138403124	20.48866309937746
10000-10499	20.0643012156769	29.632699133761243	29.824315377117323	20.478684273444543
10500-10999	20.043614486605748	29.548956834736924	30.020783696029206	20.386644982628127
11000-11499	20.09511175803624	29.65807598273261	29.73223149596274	20.514580763268416
11500-11999	20.023663565464645	29.797598757557736	29.713326202039774	20.46541147493785
12000-12499	19.85548851942257	29.987411535332136	29.620503845622437	20.53659609962286
12500-12999	19.751752532501364	29.765401987641972	29.889429823579995	20.593415656276672
13000-13499	19.745878699977528	29.72933221661594	29.97201397258595	20.552775110820583
13500-13999	19.680922017981484	29.699863938318703	29.78043379665448	20.838780247045328
14000-14499	19.745222929936308	29.649786866480802	30.005126440494667	20.599863763088226
14500-14999	20.072373297959505	29.78522102141937	29.610627755452384	20.53177792516874
15000-15499	20.059303410698696	29.74352027454168	29.410879316054068	20.786296998705563
15500-15999	20.543952205439524	29.389800293898006	30.006504300065046	20.05974320059743
16000-16499	20.159952824973278	30.497917664836176	29.558102679394093	19.784026830796446
16500-16999	19.877805335430406	29.871151170528098	30.07682535841752	20.174218135623978
17000-17499	20.58753849798626	28.796493721866856	31.805259417199714	18.810708362947167
17500-17999	20.786516853932586	30.26685393258427	31.86446629213483	17.082162921348313
18000-18499	19.844141386028387	29.61313665460618	32.479821875869746	18.062900083495688
18500-18999	21.61137440758294	32.03791469194313	28.151658767772513	18.19905213270142
19000-19035	22.22222222222222	33.33333333333333	27.77777777777778	16.666666666666664
>>END_MODULE
>>Per sequence GC content	warn
#GC Content	Count
0	0.0
1	0.0
2	0.0
3	0.0
4	0.0
5	0.0
6	0.0
7	0.0
8	0.0
9	0.0
10	0.0
11	0.0
12	0.0
13	0.0
14	0.5
15	1.0
16	1.0
17	1.0476190476190477
18	1.0
19	1.3655913978494623
20	1.940082644628099
21	2.6439789884911833
22	2.202339421526676
23	2.5017421602787455
24	2.445777040443475
25	3.430949166206998
26	3.053372889564988
27	5.469256230389461
28	9.513041989191194
29	13.537961214207526
30	16.097923706495873
31	18.855840313834335
32	24.595358736537687
33	34.23925677426479
34	42.39543072876281
35	54.14983379695406
36	72.59651327820124
37	85.54232890142123
38	121.0084760413676
39	141.7257688794449
40	163.28848041017105
41	184.17815515739332
42	179.2892511883543
43	151.92957752965768
44	130.06533880802561
45	108.99909068539995
46	103.14703800592372
47	89.9331175415514
48	64.36269455064726
49	48.28117633312647
50	39.11600908442261
51	31.17593154369098
52	20.092212680486536
53	14.65600517547236
54	15.435806427979132
55	13.814851126390588
56	10.438679506456356
57	6.0738858299477085
58	4.519532176259375
59	4.17831152671925
60	1.6462940584390593
61	0.8930189270472513
62	1.2673310162557474
63	0.9080310732849717
64	1.2111164931334777
65	1.72389569517815
66	1.8471443918585406
67	1.532258064516129
68	1.5909090909090908
69	1.0640124902419985
70	0.024390243902439025
71	0.09090909090909091
72	0.0
73	0.09090909090909091
74	0.0
75	0.024390243902439025
76	0.0
77	0.0
78	0.0
79	0.0
80	0.0
81	0.0
82	0.0
83	0.0
84	0.0
85	0.0
86	0.0
87	0.0
88	0.0
89	0.0
90	0.0
91	0.0
92	0.0
93	0.0
94	0.0
95	0.0
96	0.0
97	0.0
98	0.0
99	0.0
100	0.0
>>END_MODULE
>>Per base N content	pass
#Base	N-Count
1	0.0
2	0.0
3	0.0
4	0.0
5	0.0
6	0.0
7	0.0
8	0.0
9	0.0
10-499	0.0
500-999	0.0
1000-1499	0.0
1500-1999	0.0
2000-2499	0.0
2500-2999	0.0
3000-3499	0.0
3500-3999	0.0
4000-4499	0.0
4500-4999	0.0
5000-5499	0.0
5500-5999	0.0
6000-6499	0.0
6500-6999	0.0
7000-7499	0.0
7500-7999	0.0
8000-8499	0.0
8500-8999	0.0
9000-9499	0.0
9500-9999	0.0
10000-10499	0.0
10500-10999	0.0
11000-11499	0.0
11500-11999	0.0
12000-12499	0.0
12500-12999	0.0
13000-13499	0.0
13500-13999	0.0
14000-14499	0.0
14500-14999	0.0
15000-15499	0.0
15500-15999	0.0
16000-16499	0.0
16500-16999	0.0
17000-17499	0.0
17500-17999	0.0
18000-18499	0.0
18500-18999	0.0
19000-19035	0.0
>>END_MODULE
>>Sequence Length Distribution	warn
#Length	Count
0-499	1595.0
500-999	1731.0
1000-1499	1730.0
1500-1999	1668.0
2000-2499	1512.0
2500-2999	1466.0
3000-3499	1381.0
3500-3999	1305.0
4000-4499	1294.0
4500-4999	1213.0
5000-5499	1060.0
5500-5999	992.0
6000-6499	1032.0
6500-6999	1041.0
7000-7499	834.0
7500-7999	768.0
8000-8499	698.0
8500-8999	553.0
9000-9499	444.0
9500-9999	392.0
10000-10499	369.0
10500-10999	268.0
11000-11499	230.0
11500-11999	186.0
12000-12499	168.0
12500-12999	150.0
13000-13499	122.0
13500-13999	106.0
14000-14499	77.0
14500-14999	78.0
15000-15499	67.0
15500-15999	31.0
16000-16499	27.0
16500-16999	17.0
17000-17499	12.0
17500-17999	4.0
18000-18499	5.0
18500-18999	3.0
19000-19036	1.0
>>END_MODULE
>>Sequence Duplication Levels	pass
#Total Deduplicated Percentage	99.99593991067803
#Duplication Level	Percentage of deduplicated	Percentage of total
1	99.99593974582808	99.99187982135606
2	0.004060254171911162	0.008120178643930167
3	0.0	0.0
4	0.0	0.0
5	0.0	0.0
6	0.0	0.0
7	0.0	0.0
8	0.0	0.0
9	0.0	0.0
>10	0.0	0.0
>50	0.0	0.0
>100	0.0	0.0
>500	0.0	0.0
>1k	0.0	0.0
>5k	0.0	0.0
>10k+	0.0	0.0
>>END_MODULE
>>Overrepresented sequences	pass
>>END_MODULE
>>Adapter Content	pass
#Position	Illumina Universal Adapter	Illumina Small RNA 3' Adapter	Illumina Small RNA 5' Adapter	Nextera Transposase Sequence	SOLID Small RNA Adapter
1	0.0	0.0	0.0	0.0	0.0
2	0.0	0.0	0.0	0.0	0.0
3	0.0	0.0	0.0	0.0	0.0
4	0.0	0.0	0.0	0.0	0.0
5	0.0	0.0	0.0	0.0	0.0
6	0.0	0.0	0.0	0.0	0.0
7	0.0	0.0	0.0	0.0	0.0
8	0.0	0.0	0.0	0.0	0.0
9	0.0	0.0	0.0	0.0	0.0
10-499	0.0	0.0	0.0	0.0018394690397474547	4.225807253473862E-4
500-999	0.002679658952496969	0.0	0.0	0.0057978075517661565	0.004060089321965103
1000-1499	0.007738530247665443	0.0	4.3848964677222895E-4	0.01218026796589532	0.006593585058871336
1500-1999	0.01218026796589532	0.0013560698335363436	0.004060089321965103	0.01218026796589532	0.008120178643930206
2000-2499	0.01218026796589532	0.004060089321965103	0.004060089321965103	0.01452699959399106	0.008120178643930206
2500-2999	0.01218026796589532	0.004060089321965103	0.004060089321965103	0.02030044660982534	0.008120178643930206
3000-3499	0.01218026796589532	0.004060089321965103	0.004060089321965103	0.02030044660982534	0.008120178643930206
3500-3999	0.01218026796589532	0.004060089321965103	0.004060089321965103	0.02268777913114094	0.008120178643930206
4000-4499	0.01218026796589532	0.004060089321965103	0.004060089321965103	0.02505887129516845	0.008120178643930206
4500-4999	0.01618351603735289	0.004060089321965103	0.004060089321965103	0.03062119366626084	0.008120178643930206
5000-5499	0.02030044660982534	0.004060089321965103	0.004060089321965103	0.032480714575720826	0.008120178643930206
5500-5999	0.022655298416565165	0.004060089321965103	0.004060089321965103	0.032480714575720826	0.008120178643930206
6000-6499	0.028420625253755483	0.004060089321965103	0.006000812017864429	0.032480714575720826	0.008120178643930206
6500-6999	0.03142509135200957	0.004060089321965103	0.008120178643930206	0.03291920422249301	0.008120178643930206
7000-7499	0.03654080389768549	0.007787251319529074	0.008120178643930206	0.03654080389768549	0.008120178643930206
7500-7999	0.03654080389768549	0.008120178643930206	0.008120178643930206	0.03654080389768549	0.008120178643930206
8000-8499	0.03654080389768549	0.008120178643930206	0.008120178643930206	0.03654080389768549	0.008120178643930206
8500-8999	0.03654080389768549	0.008120178643930206	0.008120178643930206	0.03654080389768549	0.008120178643930206
9000-9499	0.03654080389768549	0.008120178643930206	0.008120178643930206	0.03654080389768549	0.008120178643930206
9500-9999	0.03654080389768549	0.008120178643930206	0.008120178643930206	0.03654080389768549	0.008120178643930206
10000-10499	0.03654080389768549	0.008120178643930206	0.008120178643930206	0.03654080389768549	0.008120178643930206
10500-10999	0.03654080389768549	0.008120178643930206	0.008120178643930206	0.03654080389768549	0.008120178643930206
11000-11499	0.03654080389768549	0.008120178643930206	0.008120178643930206	0.03654080389768549	0.008120178643930206
11500-11999	0.03654080389768549	0.008120178643930206	0.008120178643930206	0.03654080389768549	0.008120178643930206
12000-12499	0.03654080389768549	0.008120178643930206	0.008120178643930206	0.03654080389768549	0.008120178643930206
12500-12999	0.03654080389768549	0.008120178643930206	0.008120178643930206	0.03654080389768549	0.008120178643930206
13000-13499	0.03689809175801832	0.008120178643930206	0.008120178643930206	0.03654080389768549	0.008120178643930206
13500-13999	0.04060089321965068	0.008120178643930206	0.008120178643930206	0.03654080389768549	0.008120178643930206
14000-14499	0.04060089321965068	0.008120178643930206	0.008120178643930206	0.03654080389768549	0.008120178643930206
14500-14999	0.04060089321965068	0.008120178643930206	0.008120178643930206	0.03654080389768549	0.008120178643930206
15000-15499	0.04060089321965068	0.008120178643930206	0.008120178643930206	0.03654080389768549	0.008120178643930206
15500-15999	0.04060089321965068	0.008120178643930206	0.008120178643930206	0.03654080389768549	0.008120178643930206
16000-16499	0.04060089321965068	0.008120178643930206	0.008120178643930206	0.03654080389768549	0.008120178643930206
16500-16999	0.04060089321965068	0.008120178643930206	0.008120178643930206	0.03654080389768549	0.008120178643930206
17000-17499	0.04060089321965068	0.008120178643930206	0.008120178643930206	0.03654080389768549	0.008120178643930206
17500-17999	0.043288672350791965	0.008120178643930206	0.008932196508323225	0.03922858302882633	0.009995939910678065
18000-18499	0.04872107186358128	0.008120178643930206	0.01218026796589532	0.044660982541615685	0.01218026796589532
18500-18999	0.051847340641494225	0.008120178643930206	0.01218026796589532	0.044660982541615685	0.01218026796589532
19000-19024	0.052943564758424676	0.008282582216808769	0.012342671538773855	0.04482338611449452	0.012342671538773855
>>END_MODULE
