##FastQC	0.11.8
>>Basic Statistics	pass
#Measure	Value
Filename	m131023_233432_42174_c100519312550000001823081209281335_s1_X0.1.subreads.fastq.gz
File type	Conventional base calls
Encoding	Sanger / Illumina 1.9
Total Sequences	12306
Sequences flagged as poor quality	0
Sequence length	35-20592
%GC	39
>>END_MODULE
>>Per base sequence quality	fail
#Base	Mean	Median	Lower Quartile	Upper Quartile	10th Percentile	90th Percentile
1	6.263448724199577	6.0	2.0	10.0	1.0	13.0
2	7.492686494392979	8.0	4.0	11.0	2.0	13.0
3	8.179262148545424	8.0	4.0	12.0	2.0	13.0
4	8.558995611896636	9.0	5.0	12.0	2.0	14.0
5	8.742727124979684	9.0	5.0	12.0	3.0	14.0
6	8.806923451974647	9.0	5.0	13.0	3.0	14.0
7	8.934259710710222	10.0	6.0	13.0	3.0	14.0
8	8.989273525109702	10.0	6.0	13.0	3.0	14.0
9	9.081504956931578	10.0	6.0	13.0	3.0	14.0
10-499	10.16282789842382	11.161224489795918	7.577551020408163	13.10204081632653	3.9448979591836735	14.0
500-999	10.436699185480878	11.996	8.0	13.978	4.096	14.0
1000-1499	10.474378723012014	11.998	8.0	13.996	4.316	14.0
1500-1999	10.485990460122563	12.0	8.0	13.998	4.396	14.0
2000-2499	10.473968434919856	12.0	8.0	13.976	4.34	14.0
2500-2999	10.465813774332728	11.998	8.0	13.982	4.332	14.0
3000-3499	10.459831298108428	11.988	8.0	13.942	4.37	14.0
3500-3999	10.448994125669222	11.984	8.0	13.898	4.288	14.0
4000-4499	10.445096083628233	11.98	8.0	13.836	4.318	14.0
4500-4999	10.440838537884591	11.944	8.0	13.762	4.396	14.0
5000-5499	10.446197715468895	11.942	8.0	13.71	4.396	14.0
5500-5999	10.422941253895255	11.888	8.0	13.594	4.336	14.0
6000-6499	10.409046259683233	11.816	8.0	13.54	4.294	14.0
6500-6999	10.400249018475147	11.756	8.0	13.458	4.256	14.0
7000-7499	10.366168604482478	11.616	7.992	13.288	4.21	14.0
7500-7999	10.336103349288754	11.502	7.97	13.246	4.128	14.0
8000-8499	10.313314699523255	11.358	7.942	13.164	4.136	14.0
8500-8999	10.276711196592565	11.264	7.844	13.146	4.11	14.0
9000-9499	10.299194047860116	11.336	7.88	13.206	4.134	14.0
9500-9999	10.30741454538047	11.366	7.858	13.208	4.202	14.0
10000-10499	10.281951462468205	11.286	7.794	13.152	4.186	14.0
10500-10999	10.298086075237194	11.33	7.79	13.172	4.256	14.0
11000-11499	10.265478524753304	11.268	7.734	13.162	4.198	14.0
11500-11999	10.26695274359777	11.298	7.714	13.194	4.196	14.0
12000-12499	10.235570898642699	11.26	7.632	13.198	4.22	14.0
12500-12999	10.166987070129915	11.198	7.498	13.156	4.018	14.0
13000-13499	10.155031841315225	11.166	7.424	13.186	3.976	14.0
13500-13999	10.071113026563468	11.066	7.262	13.148	3.922	14.0
14000-14499	10.066642064250438	11.0	7.242	13.136	3.89	14.0
14500-14999	10.126927005029218	11.070707070707071	7.343434343434343	13.202020202020202	3.7474747474747474	14.0
15000-15499	10.33759510241836	NaN	NaN	NaN	NaN	NaN
15500-15999	10.394141113124345	NaN	NaN	NaN	NaN	NaN
16000-16499	10.349496363624361	NaN	NaN	NaN	NaN	NaN
16500-16999	10.34697018280997	NaN	NaN	NaN	NaN	NaN
17000-17499	10.275464413364412	NaN	NaN	NaN	NaN	NaN
17500-17999	10.074277777777779	NaN	NaN	NaN	NaN	NaN
18000-18499	10.300199999999998	NaN	NaN	NaN	NaN	NaN
18500-18999	9.950866666666666	NaN	NaN	NaN	NaN	NaN
19000-19499	9.259	NaN	NaN	NaN	NaN	NaN
19500-19999	9.792	NaN	NaN	NaN	NaN	NaN
20000-20499	9.562	NaN	NaN	NaN	NaN	NaN
20500-20592	8.849462365591398	NaN	NaN	NaN	NaN	NaN
>>END_MODULE
>>Per sequence quality scores	fail
#Quality	Count
3	1.0
4	4.0
5	4.0
6	13.0
7	157.0
8	1119.0
9	2393.0
10	5177.0
11	3438.0
>>END_MODULE
>>Per base sequence content	fail
#Base	G	A	T	C
1	26.101088899723713	45.498130993011536	15.748415407118479	12.65236470014627
2	27.254997562164796	38.720949130505446	20.550950755728913	13.473102551600846
3	24.305216967333006	38.241508207378516	23.516983585242972	13.936291240045506
4	22.558101738989112	35.007313505607016	27.100601332683244	15.333983422720623
5	21.74549000487567	33.812774256460266	27.726312367950595	16.715423370713474
6	20.737851454575004	31.80562327320007	29.538436535023564	17.918088737201366
7	19.608321144157323	30.773606370875996	30.448561677230618	19.169510807736064
8	19.31578091987648	29.993499106127093	30.269787095725665	20.42093287827076
9	19.56769055745165	30.48106614659516	29.09962619860231	20.851617097350886
10-499	19.672046929053504	30.29975001240795	29.837251198782365	20.190951859756176
500-999	19.5525923041983	30.387514673698245	30.0528216268191	20.00707139528436
1000-1499	19.534636191495917	30.393257047733012	30.10395886311278	19.96814789765829
1500-1999	19.54193173516079	30.435381677269408	30.067312087977815	19.955374499591983
2000-2499	19.581667896432688	30.389017015265168	30.045763981327333	19.98355110697481
2500-2999	19.613868538549404	30.284753551515053	30.088295910180385	20.013081999755155
3000-3499	19.600266773761028	30.3182606528408	30.040718246442673	20.0407543269555
3500-3999	19.60971218502715	30.28761274800885	30.063480215976128	20.03919485098787
4000-4499	19.598254412285513	30.234027780381535	30.072939606932586	20.094778200400366
4500-4999	19.57165582244586	30.321746657425415	30.037944595242383	20.06865292488634
5000-5499	19.581614518222647	30.377570307773794	30.064397274538944	19.97641789946461
5500-5999	19.642907816598022	30.281218992394404	30.058096499155656	20.017776691851914
6000-6499	19.5075787413873	30.442414223402427	30.076420311168167	19.97358672404211
6500-6999	19.475049348950215	30.399716951475757	30.131749924592516	19.993483774981513
7000-7499	19.438298927680837	30.28912241012465	30.265229245837975	20.007349416356533
7500-7999	19.471595674642185	30.22140853708029	30.287695818039158	20.019299970238364
8000-8499	19.40290270956349	30.285304343027423	30.276323321116976	20.035469626292105
8500-8999	19.37726952610593	30.26602053078439	30.2317240151533	20.124985927956374
9000-9499	19.298972070147048	30.272565778660027	30.452896031153987	19.97556612003894
9500-9999	19.238259197998953	30.093663933113184	30.466544045980825	20.201532822907037
10000-10499	19.18175433584497	30.260805389898703	30.441500315442394	20.115939958813936
10500-10999	19.223213470504554	30.160193445587534	30.448241229710742	20.168351854197162
11000-11499	18.94322510429893	29.844367857790676	30.96716851079267	20.24523852711772
11500-11999	19.013767003820877	29.871620298474838	31.086195197260263	20.028417500444025
12000-12499	18.77779883398174	29.764120971607568	31.14862831217185	20.309451882238843
12500-12999	18.857981548783897	30.004193458205197	31.186049762370704	19.9517752306402
13000-13499	19.203766568925808	30.007677436661144	31.05291881341979	19.73563718099326
13500-13999	18.750508041572317	30.287406375195957	31.533414619984907	19.428670963246823
14000-14499	18.90382951954077	30.445859872611464	31.38476055673508	19.265550051112683
14500-14999	18.251380374766317	30.41824268510065	32.09425677144472	19.236120168688316
15000-15499	18.968581584680656	29.460497649352142	31.366815732140807	20.204105033826398
15500-15999	19.16248636859324	30.023991275899675	30.372955288985825	20.440567066521265
16000-16499	18.582293011909886	29.32271488018367	31.475104032142344	20.6198880757641
16500-16999	19.01782552237044	28.650690591429584	31.094321803801208	21.237162082398772
17000-17499	18.18967006391432	30.160649507686994	30.60977716358611	21.039903264812576
17500-17999	17.883126026754283	27.622623797230695	32.64491903309082	21.849331142924196
18000-18499	17.056986729117877	27.400468384074944	34.34816549570648	21.194379391100703
18500-18999	16.246498599439775	29.458450046685343	33.940242763772176	20.354808590102706
19000-19499	14.656616415410383	29.64824120603015	39.698492462311556	15.996649916247907
19500-19999	16.3265306122449	38.208616780045354	27.89115646258503	17.573696145124718
20000-20499	15.0	30.599999999999998	37.8	16.6
20500-20592	19.35483870967742	25.806451612903224	37.634408602150536	17.20430107526882
>>END_MODULE
>>Per sequence GC content	fail
#GC Content	Count
0	0.0
1	0.0
2	0.0
3	0.0
4	0.0
5	0.0
6	0.0
7	0.0
8	0.5
9	0.5
10	0.0
11	0.0
12	0.0
13	0.0
14	0.0
15	0.5
16	1.0
17	1.0
18	2.0
19	1.5123456790123457
20	2.090909090909091
21	4.467951708205606
22	4.257575757575758
23	3.917247386759582
24	4.954571199299206
25	3.9382790589954935
26	5.593717708736483
27	9.546738544408337
28	10.763024533864112
29	13.378725506437071
30	15.740436142305317
31	16.282531794427754
32	20.964303183907106
33	25.87765652802081
34	31.48378475439693
35	37.71114547477533
36	46.24670688362057
37	61.91841747734937
38	90.97687922967714
39	107.57274997134742
40	121.51476258813379
41	115.59075573421347
42	101.23122800510639
43	77.09360436783236
44	66.60448281336559
45	54.16997877844184
46	34.129781467146664
47	33.61301812115487
48	29.71541093774593
49	21.672417446975075
50	21.03147426263639
51	19.82210037148046
52	16.008552726218966
53	12.876187261445095
54	5.352510124284318
55	2.0555141579731746
56	2.929624403682053
57	2.903679653679654
58	3.5434497196792276
59	1.5909090909090908
60	0.6413934426229508
61	1.032258064516129
62	1.6639508419506097
63	0.8871796456672184
64	1.024390243902439
65	1.0999180999181
66	0.3333333333333333
67	0.38095238095238093
68	1.132258064516129
69	1.0
70	0.0
71	0.0
72	1.0
73	1.1428571428571428
74	0.0
75	0.0
76	0.0
77	0.0
78	0.0
79	0.0
80	0.0
81	0.0
82	0.0
83	0.0
84	0.0
85	0.0
86	0.0
87	0.0
88	0.0
89	0.0
90	0.0
91	0.0
92	0.0
93	0.0
94	0.0
95	0.0
96	0.0
97	0.0
98	0.0
99	0.0
100	0.0
>>END_MODULE
>>Per base N content	pass
#Base	N-Count
1	0.0
2	0.0
3	0.0
4	0.0
5	0.0
6	0.0
7	0.0
8	0.0
9	0.0
10-499	0.0
500-999	0.0
1000-1499	0.0
1500-1999	0.0
2000-2499	0.0
2500-2999	0.0
3000-3499	0.0
3500-3999	0.0
4000-4499	0.0
4500-4999	0.0
5000-5499	0.0
5500-5999	0.0
6000-6499	0.0
6500-6999	0.0
7000-7499	0.0
7500-7999	0.0
8000-8499	0.0
8500-8999	0.0
9000-9499	0.0
9500-9999	0.0
10000-10499	0.0
10500-10999	0.0
11000-11499	0.0
11500-11999	0.0
12000-12499	0.0
12500-12999	0.0
13000-13499	0.0
13500-13999	0.0
14000-14499	0.0
14500-14999	0.0
15000-15499	0.0
15500-15999	0.0
16000-16499	0.0
16500-16999	0.0
17000-17499	0.0
17500-17999	0.0
18000-18499	0.0
18500-18999	0.0
19000-19499	0.0
19500-19999	0.0
20000-20499	0.0
20500-20592	0.0
>>END_MODULE
>>Sequence Length Distribution	warn
#Length	Count
0-499	1071.0
500-999	776.0
1000-1499	720.0
1500-1999	751.0
2000-2499	733.0
2500-2999	700.0
3000-3499	698.0
3500-3999	659.0
4000-4499	652.0
4500-4999	604.0
5000-5499	536.0
5500-5999	477.0
6000-6499	505.0
6500-6999	540.0
7000-7499	470.0
7500-7999	377.0
8000-8499	373.0
8500-8999	276.0
9000-9499	235.0
9500-9999	213.0
10000-10499	186.0
10500-10999	141.0
11000-11499	121.0
11500-11999	97.0
12000-12499	76.0
12500-12999	67.0
13000-13499	62.0
13500-13999	35.0
14000-14499	51.0
14500-14999	24.0
15000-15499	20.0
15500-15999	25.0
16000-16499	14.0
16500-16999	7.0
17000-17499	5.0
17500-17999	3.0
18000-18499	1.0
18500-18999	2.0
19000-19499	1.0
19500-19999	1.0
20000-20499	0.0
20500-20593	1.0
>>END_MODULE
>>Sequence Duplication Levels	pass
#Total Deduplicated Percentage	100.0
#Duplication Level	Percentage of deduplicated	Percentage of total
1	100.0	100.0
2	0.0	0.0
3	0.0	0.0
4	0.0	0.0
5	0.0	0.0
6	0.0	0.0
7	0.0	0.0
8	0.0	0.0
9	0.0	0.0
>10	0.0	0.0
>50	0.0	0.0
>100	0.0	0.0
>500	0.0	0.0
>1k	0.0	0.0
>5k	0.0	0.0
>10k+	0.0	0.0
>>END_MODULE
>>Overrepresented sequences	pass
>>END_MODULE
>>Adapter Content	pass
#Position	Illumina Universal Adapter	Illumina Small RNA 3' Adapter	Illumina Small RNA 5' Adapter	Nextera Transposase Sequence	SOLID Small RNA Adapter
1	0.0	0.0	0.0	0.0	0.0
2	0.0	0.0	0.0	0.0	0.0
3	0.0	0.0	0.0	0.0	0.0
4	0.0	0.0	0.0	0.0	0.0
5	0.0	0.0	0.0	0.0	0.0
6	0.0	0.0	0.0	0.0	0.0
7	0.0	0.0	0.0	0.0	0.0
8	0.0	0.0	0.0	0.0	0.0
9	0.0	0.0	0.0	0.0	0.0
10-499	0.0	0.0	0.0	0.0	0.0
500-999	0.0	0.0	0.0	0.0	0.0
1000-1499	0.0	0.0	0.0	0.0	0.0
1500-1999	0.0	0.0	0.004680643588493433	0.0	0.0
2000-2499	0.0	0.0	0.00812611734113443	0.0	0.0
2500-2999	0.006240858117991245	0.0	0.00812611734113443	3.2504469364537626E-5	0.0
3000-3499	0.00812611734113443	0.0	0.00812611734113443	0.00812611734113443	0.0
3500-3999	0.00812611734113443	0.0	0.00812611734113443	0.00812611734113443	0.0
4000-4499	0.00812611734113443	0.0	0.00812611734113443	0.00812611734113443	0.0
4500-4999	0.00812611734113443	0.0	0.00812611734113443	0.009995124329595357	0.0
5000-5499	0.00812611734113443	0.0	0.00812611734113443	0.01625223468226886	0.0
5500-5999	0.00812611734113443	0.0	0.00812611734113443	0.01625223468226886	0.0
6000-6499	0.00812611734113443	0.0	0.00812611734113443	0.01625223468226886	0.0
6500-6999	0.00812611734113443	0.0	0.00812611734113443	0.018153746140094226	0.0
7000-7499	0.00812611734113443	0.0	0.01389566065333989	0.02437835202340302	0.0
7500-7999	0.00812611734113443	0.0	0.01625223468226886	0.02437835202340302	0.0
8000-8499	0.00812611734113443	0.0	0.01625223468226886	0.02437835202340302	0.0
8500-8999	0.00812611734113443	0.0	0.01625223468226886	0.02437835202340302	0.0
9000-9499	0.00812611734113443	0.0	0.01625223468226886	0.02437835202340302	0.0
9500-9999	0.00812611734113443	0.0	0.01625223468226886	0.02437835202340302	0.0
10000-10499	0.00812611734113443	0.0	0.01625223468226886	0.02437835202340302	0.0
10500-10999	0.00812611734113443	0.0	0.01625223468226886	0.02437835202340302	0.0
11000-11499	0.00812611734113443	0.0	0.01625223468226886	0.02437835202340302	0.0
11500-11999	0.00812611734113443	0.0	0.01625223468226886	0.02437835202340302	0.0
12000-12499	0.00812611734113443	0.0	0.01625223468226886	0.02437835202340302	0.0
12500-12999	0.00812611734113443	0.0	0.01625223468226886	0.02437835202340302	0.0
13000-13499	0.00812611734113443	0.0	0.01625223468226886	0.02437835202340302	0.0
13500-13999	0.00812611734113443	0.0	0.01625223468226886	0.02437835202340302	0.0
14000-14499	0.00812611734113443	0.0	0.01625223468226886	0.02437835202340302	0.0
14500-14999	0.00812611734113443	0.0	0.01625223468226886	0.02437835202340302	0.0
15000-15499	0.00812611734113443	0.0	0.01625223468226886	0.02437835202340302	0.0
15500-15999	0.00812611734113443	0.0	0.01625223468226886	0.02437835202340302	0.0
16000-16499	0.00812611734113443	0.0	0.01625223468226886	0.02437835202340302	0.0
16500-16999	0.00812611734113443	0.0	0.01625223468226886	0.02437835202340302	0.0
17000-17499	0.00812611734113443	0.0	0.01625223468226886	0.02437835202340302	0.0
17500-17999	0.00812611734113443	0.0	0.01625223468226886	0.02437835202340302	0.0
18000-18499	0.00812611734113443	0.0	0.01625223468226886	0.02437835202340302	0.0
18500-18999	0.00812611734113443	0.0	0.01625223468226886	0.02437835202340302	0.0
19000-19499	0.00812611734113443	0.0	0.01625223468226886	0.02437835202340302	0.0
19500-19999	0.00812611734113443	0.0	0.01625223468226886	0.02437835202340302	0.0
20000-20499	0.00812611734113443	0.0	0.01625223468226886	0.02437835202340302	0.0
20500-20581	0.008225216333099462	0.0	0.016351333674233873	0.024477451015368325	0.0
>>END_MODULE
