##FastQC	0.11.8
>>Basic Statistics	pass
#Measure	Value
Filename	m131023_233432_42174_c100519312550000001823081209281335_s1_X0.2.subreads.fastq.gz
File type	Conventional base calls
Encoding	Sanger / Illumina 1.9
Total Sequences	14823
Sequences flagged as poor quality	0
Sequence length	35-23162
%GC	39
>>END_MODULE
>>Per base sequence quality	fail
#Base	Mean	Median	Lower Quartile	Upper Quartile	10th Percentile	90th Percentile
1	6.56668690548472	6.0	3.0	10.0	1.0	13.0
2	7.647642177696823	8.0	4.0	11.0	2.0	13.0
3	8.186332051541523	9.0	5.0	12.0	2.0	13.0
4	8.45874654253525	9.0	5.0	12.0	2.0	14.0
5	8.590703636240978	9.0	5.0	12.0	2.0	14.0
6	8.652904270390609	9.0	5.0	12.0	2.0	14.0
7	8.68386966201174	9.0	5.0	12.0	3.0	14.0
8	8.792956891317546	9.0	5.0	12.0	3.0	14.0
9	8.913310396006207	10.0	5.0	13.0	3.0	14.0
10-499	9.995071096288585	10.961224489795919	6.981632653061224	13.0	3.8755102040816327	14.0
500-999	10.267512288831247	11.308	7.876	13.336	4.0	14.0
1000-1499	10.36336387635313	11.902	8.0	13.858	4.0	14.0
1500-1999	10.389320161716292	11.968	8.0	13.946	4.012	14.0
2000-2499	10.39309658056715	11.96	8.0	13.942	4.022	14.0
2500-2999	10.384883707904402	11.92	8.0	13.848	4.024	14.0
3000-3499	10.375762169126363	11.88	8.0	13.784	4.018	14.0
3500-3999	10.374812465655161	11.83	8.0	13.69	4.038	14.0
4000-4499	10.359633728851055	11.756	8.0	13.566	4.044	14.0
4500-4999	10.34830246287034	11.642	8.0	13.468	4.018	14.0
5000-5499	10.339424802458746	11.586	7.998	13.354	4.038	14.0
5500-5999	10.350380502246434	11.646	8.0	13.396	4.07	14.0
6000-6499	10.32943848048177	11.502	7.988	13.286	4.044	14.0
6500-6999	10.30935845035074	11.398	7.974	13.212	4.038	14.0
7000-7499	10.285311606818134	11.302	7.894	13.13	4.048	14.0
7500-7999	10.292076913766566	11.322	7.902	13.19	4.062	14.0
8000-8499	10.281464132681213	11.314	7.85	13.204	4.064	14.0
8500-8999	10.261226316877124	11.252	7.788	13.148	4.07	14.0
9000-9499	10.25950623657119	11.258	7.776	13.134	4.084	14.0
9500-9999	10.265416256762675	11.29	7.744	13.18	4.11	14.0
10000-10499	10.250889608138472	11.232	7.7	13.166	4.104	14.0
10500-10999	10.247001271872382	11.258	7.678	13.156	4.14	14.0
11000-11499	10.209396231516612	11.192	7.616	13.134	4.118	14.0
11500-11999	10.196995783120574	11.192	7.564	13.106	4.132	14.0
12000-12499	10.156152996579404	11.15	7.522	13.1	4.07	14.0
12500-12999	10.1458214158871	11.16	7.458	13.114	4.022	14.0
13000-13499	10.110015000942838	11.11	7.382	13.116	3.98	14.0
13500-13999	10.028456348664298	11.016	7.224	13.106	3.838	14.0
14000-14499	9.984008784347441	10.946	7.118	13.086	3.766	14.0
14500-14999	9.930251594121211	10.88659793814433	7.061855670103093	13.065292096219931	3.683848797250859	13.993127147766323
15000-15499	9.815975094937356	NaN	NaN	NaN	NaN	NaN
15500-15999	9.77682031491889	NaN	NaN	NaN	NaN	NaN
16000-16499	9.976957633973873	NaN	NaN	NaN	NaN	NaN
16500-16999	9.841079311049846	NaN	NaN	NaN	NaN	NaN
17000-17499	9.760958159814038	NaN	NaN	NaN	NaN	NaN
17500-17999	10.08924920634922	NaN	NaN	NaN	NaN	NaN
18000-18499	9.812300000000002	NaN	NaN	NaN	NaN	NaN
18500-18999	7.815	NaN	NaN	NaN	NaN	NaN
19000-19499	8.352	NaN	NaN	NaN	NaN	NaN
19500-19999	7.926	NaN	NaN	NaN	NaN	NaN
20000-20499	8.56	NaN	NaN	NaN	NaN	NaN
20500-20999	8.024	NaN	NaN	NaN	NaN	NaN
21000-21499	7.97	NaN	NaN	NaN	NaN	NaN
21500-21999	8.006	NaN	NaN	NaN	NaN	NaN
22000-22499	8.758	NaN	NaN	NaN	NaN	NaN
22500-22999	8.32	NaN	NaN	NaN	NaN	NaN
23000-23162	9.251533742331288	NaN	NaN	NaN	NaN	NaN
>>END_MODULE
>>Per sequence quality scores	fail
#Quality	Count
4	3.0
5	3.0
6	15.0
7	213.0
8	1587.0
9	3282.0
10	6359.0
11	3359.0
12	2.0
>>END_MODULE
>>Per base sequence content	fail
#Base	G	A	T	C
1	25.204074748701345	46.44808743169399	15.590636173514133	12.757201646090536
2	26.985090737367607	39.12163529649869	20.58962423261148	13.30364973352223
3	24.860014841799906	37.75214194157728	23.119476489239695	14.268366727383123
4	22.573028401808003	34.87148350536329	26.310463468933413	16.245024623895297
5	20.93368413951292	33.54921405923228	28.266882547392562	17.25021925386224
6	19.908250691492952	32.19321324967955	29.37327126762464	18.52526479120286
7	19.746340147068743	31.47810834513931	29.535181812048844	19.2403696957431
8	19.678877420225323	30.391958442960266	29.67010726573568	20.25905687107873
9	19.692369965594008	29.91297308237199	30.074883626796193	20.319773325237804
10-499	19.610169792834505	30.373606673025037	29.528768842605125	20.487454691535333
500-999	19.529969225404084	30.413091841813124	29.72740630337784	20.32953262940495
1000-1499	19.545526728070012	30.3547884733947	29.7983151000451	20.30136969849018
1500-1999	19.458072289549914	30.468182293809793	29.771440892772006	20.30230452386829
2000-2499	19.494107559274646	30.473074412370497	29.728563210225158	20.3042548181297
2500-2999	19.48396134731975	30.555089152389087	29.6672879957432	20.29366150454796
3000-3499	19.50461643234474	30.47867124634877	29.737280381180696	20.27943194012579
3500-3999	19.48633692572586	30.500219414467626	29.761019176851278	20.252424482955238
4000-4499	19.51530165215607	30.492890981064086	29.750222039830877	20.24158532694897
4500-4999	19.563615323506873	30.357578336975777	29.805265826912013	20.27354051260534
5000-5499	19.45149499688456	30.3828118012343	29.893924783027963	20.271768418853174
5500-5999	19.462128151722798	30.43863554561629	29.84411328717374	20.255123015487175
6000-6499	19.386678799280823	30.44978936162846	29.870710611307228	20.29282122778349
6500-6999	19.34993656097323	30.55464654989293	29.785914813730386	20.309502075403454
7000-7499	19.241133638471663	30.4727303271149	29.982457299911324	20.30367873450211
7500-7999	19.211597629956064	30.45797001168899	29.958080855580487	20.372351502774457
8000-8499	19.151420984986224	30.51021522774859	30.029492622760873	20.308871164504318
8500-8999	19.181232344075376	30.45058993045602	30.098260705946533	20.26991701952207
9000-9499	19.1757797508256	30.282137748268024	30.286081821312255	20.256000679594123
9500-9999	19.16740481541401	30.29234350636516	30.081513583157033	20.458738095063797
10000-10499	19.01782815712585	29.965416801933415	30.547289254409698	20.46946578653104
10500-10999	18.90109708043508	30.02570807664376	30.45454419939085	20.618650643530316
11000-11499	18.655730891442207	30.193264241757944	30.663520452625793	20.48748441417405
11500-11999	18.809124496147554	30.131914003715078	30.877800148439132	20.181161351698236
12000-12499	18.583309287274826	29.962591203264765	31.07197328826415	20.382126221196255
12500-12999	18.44213068954762	30.382300438640147	30.92180791410351	20.253760957708717
13000-13499	18.375610537948255	30.399939262546084	31.018280286478323	20.206169913027342
13500-13999	18.23573418915549	30.379156682677188	31.00042285131897	20.38468627684835
14000-14499	18.250097120904734	30.67437878591675	31.501705011438684	19.57381908173983
14500-14999	17.916037681768675	30.661341791985937	31.347333422505873	20.075287103739512
15000-15499	17.75775172564917	31.423249698696175	31.215076147693654	19.603922427960995
15500-15999	18.48593730640565	30.74794531863049	30.640564985751457	20.125552389212405
16000-16499	18.75	31.109625668449198	29.67914438502674	20.461229946524064
16500-16999	18.50519972786471	29.575274565069492	31.344153950821262	20.575371756244536
17000-17499	18.57299327178845	30.198716945704895	30.73071506806447	20.497574714442184
17500-17999	19.356554107950014	29.32730656740229	28.76894442967296	22.54719489497474
18000-18499	19.824804057169203	28.676809589672658	28.58460119870908	22.913785154449055
18500-18999	18.39080459770115	26.436781609195403	30.049261083743843	25.12315270935961
19000-19499	20.8	31.0	23.200000000000003	25.0
19500-19999	17.2	35.199999999999996	24.2	23.400000000000002
20000-20499	18.4	32.0	26.6	23.0
20500-20999	17.2	32.4	25.0	25.4
21000-21499	20.200000000000003	31.0	25.0	23.799999999999997
21500-21999	19.8	29.4	27.0	23.799999999999997
22000-22499	18.6	33.2	24.8	23.400000000000002
22500-22999	19.6	30.599999999999998	24.6	25.2
23000-23162	17.177914110429448	27.607361963190186	28.834355828220858	26.380368098159508
>>END_MODULE
>>Per sequence GC content	fail
#GC Content	Count
0	0.0
1	0.0
2	0.0
3	0.0
4	0.0
5	0.0
6	0.0
7	0.0
8	0.0
9	0.0
10	0.0
11	0.0
12	0.0
13	0.0
14	0.5
15	0.8333333333333333
16	1.424242424242424
17	2.5
18	4.0
19	7.5
20	6.515918195235083
21	5.042338375825948
22	6.5
23	7.750440917107584
24	8.348117416349567
25	10.581276020358999
26	15.116216303235635
27	12.178226101931443
28	14.233882497055815
29	20.57143406665516
30	19.75078086603651
31	23.11096155880196
32	27.024868480011182
33	36.170867041628426
34	42.160636330387916
35	49.97984065099187
36	63.8592604280067
37	78.31013287772093
38	95.18005989020794
39	116.21634505564326
40	134.96037187484697
41	123.60932129521221
42	113.53537432777235
43	100.47567905743294
44	87.35079139092329
45	64.10594002044868
46	50.849741839383945
47	43.319783692719874
48	24.97510588445599
49	25.192824029055377
50	25.546341295021385
51	22.580394135051485
52	16.792668919264162
53	11.299523150038636
54	9.44235606265967
55	7.563049022815116
56	5.652194102493774
57	4.226623376623376
58	2.9185541047329666
59	1.6736515071390798
60	1.67095312549858
61	1.9768379060583745
62	0.551865907653384
63	1.2184517727686608
64	2.7258162688578755
65	2.032258064516129
66	1.0
67	0.5
68	0.38551283443756557
69	0.5
70	1.0
71	1.064516129032258
72	1.0
73	0.5476190476190477
74	0.0
75	0.09090909090909091
76	0.0
77	0.0
78	0.0
79	0.0
80	0.0
81	0.0
82	0.0
83	0.0
84	0.0
85	0.0
86	0.0
87	0.0
88	0.0
89	0.0
90	0.0
91	0.0
92	0.0
93	0.0
94	0.0
95	0.0
96	0.0
97	0.0
98	0.0
99	0.0
100	0.0
>>END_MODULE
>>Per base N content	pass
#Base	N-Count
1	0.0
2	0.0
3	0.0
4	0.0
5	0.0
6	0.0
7	0.0
8	0.0
9	0.0
10-499	0.0
500-999	0.0
1000-1499	0.0
1500-1999	0.0
2000-2499	0.0
2500-2999	0.0
3000-3499	0.0
3500-3999	0.0
4000-4499	0.0
4500-4999	0.0
5000-5499	0.0
5500-5999	0.0
6000-6499	0.0
6500-6999	0.0
7000-7499	0.0
7500-7999	0.0
8000-8499	0.0
8500-8999	0.0
9000-9499	0.0
9500-9999	0.0
10000-10499	0.0
10500-10999	0.0
11000-11499	0.0
11500-11999	0.0
12000-12499	0.0
12500-12999	0.0
13000-13499	0.0
13500-13999	0.0
14000-14499	0.0
14500-14999	0.0
15000-15499	0.0
15500-15999	0.0
16000-16499	0.0
16500-16999	0.0
17000-17499	0.0
17500-17999	0.0
18000-18499	0.0
18500-18999	0.0
19000-19499	0.0
19500-19999	0.0
20000-20499	0.0
20500-20999	0.0
21000-21499	0.0
21500-21999	0.0
22000-22499	0.0
22500-22999	0.0
23000-23162	0.0
>>END_MODULE
>>Sequence Length Distribution	warn
#Length	Count
0-499	1336.0
500-999	999.0
1000-1499	987.0
1500-1999	953.0
2000-2499	941.0
2500-2999	874.0
3000-3499	859.0
3500-3999	816.0
4000-4499	742.0
4500-4999	654.0
5000-5499	680.0
5500-5999	594.0
6000-6499	609.0
6500-6999	577.0
7000-7499	574.0
7500-7999	453.0
8000-8499	419.0
8500-8999	326.0
9000-9499	224.0
9500-9999	230.0
10000-10499	174.0
10500-10999	144.0
11000-11499	116.0
11500-11999	107.0
12000-12499	92.0
12500-12999	74.0
13000-13499	63.0
13500-13999	48.0
14000-14499	35.0
14500-14999	32.0
15000-15499	34.0
15500-15999	17.0
16000-16499	15.0
16500-16999	8.0
17000-17499	8.0
17500-17999	4.0
18000-18499	2.0
18500-18999	2.0
19000-19499	0.0
19500-19999	0.0
20000-20499	0.0
20500-20999	0.0
21000-21499	0.0
21500-21999	0.0
22000-22499	0.0
22500-22999	0.0
23000-23163	1.0
>>END_MODULE
>>Sequence Duplication Levels	pass
#Total Deduplicated Percentage	100.0
#Duplication Level	Percentage of deduplicated	Percentage of total
1	100.0	100.0
2	0.0	0.0
3	0.0	0.0
4	0.0	0.0
5	0.0	0.0
6	0.0	0.0
7	0.0	0.0
8	0.0	0.0
9	0.0	0.0
>10	0.0	0.0
>50	0.0	0.0
>100	0.0	0.0
>500	0.0	0.0
>1k	0.0	0.0
>5k	0.0	0.0
>10k+	0.0	0.0
>>END_MODULE
>>Overrepresented sequences	pass
>>END_MODULE
>>Adapter Content	pass
#Position	Illumina Universal Adapter	Illumina Small RNA 3' Adapter	Illumina Small RNA 5' Adapter	Nextera Transposase Sequence	SOLID Small RNA Adapter
1	0.0	0.0	0.0	0.0	0.0
2	0.0	0.0	0.0	0.0	0.0
3	0.0	0.0	0.0	0.0	0.0
4	0.0	0.0	0.0	0.0	0.0
5	0.0	0.0	0.0	0.0	0.0
6	0.0	0.0	0.0	0.0	0.0
7	0.0	0.0	0.0	0.0	0.0
8	0.0	0.0	0.0	0.0	0.0
9	0.0	0.0	0.0	0.0	0.0
10-499	0.0	0.0	0.0	0.0	0.0
500-999	0.0	0.0	0.011117857383795473	0.005869257235377464	0.0
1000-1499	0.0	0.0	0.013492545368683826	0.006746272684341913	0.0
1500-1999	0.005909734871483516	0.0	0.013492545368683826	0.006746272684341913	0.0
2000-2499	0.006746272684341913	0.0	0.013492545368683826	0.006746272684341913	0.0
2500-2999	0.006746272684341913	0.0	0.013492545368683826	0.006746272684341913	0.0
3000-3499	0.006746272684341913	0.0	0.013492545368683826	0.006746272684341913	0.0
3500-3999	0.006746272684341913	0.0	0.013492545368683826	0.006746272684341913	0.0
4000-4499	0.006746272684341913	0.004047763610605147	0.013492545368683826	0.006746272684341913	0.0
4500-4999	0.006746272684341913	0.006746272684341913	0.013492545368683826	0.006746272684341913	0.0
5000-5499	0.006746272684341913	0.006746272684341913	0.013492545368683826	0.006746272684341913	0.0
5500-5999	0.006746272684341913	0.006746272684341913	0.013492545368683826	0.006746272684341913	0.0
6000-6499	0.006746272684341913	0.009512244484922099	0.013492545368683826	0.006746272684341913	0.0
6500-6999	0.006746272684341913	0.013492545368683826	0.013492545368683826	0.006746272684341913	0.0
7000-7499	0.006746272684341913	0.013492545368683826	0.013492545368683826	0.006746272684341913	0.0
7500-7999	0.006746272684341913	0.013492545368683826	0.013492545368683826	0.006746272684341913	0.0
8000-8499	0.006746272684341913	0.013492545368683826	0.013492545368683826	0.006746272684341913	0.0
8500-8999	0.006746272684341913	0.013492545368683826	0.013492545368683826	0.006746272684341913	0.0
9000-9499	0.006746272684341913	0.013492545368683826	0.013492545368683826	0.006746272684341913	0.0
9500-9999	0.006746272684341913	0.013492545368683826	0.013492545368683826	0.006746272684341913	0.0
10000-10499	0.006746272684341913	0.013492545368683826	0.013492545368683826	0.006746272684341913	0.0
10500-10999	0.006746272684341913	0.013492545368683826	0.013492545368683826	0.006746272684341913	0.0
11000-11499	0.006746272684341913	0.013492545368683826	0.013492545368683826	0.006746272684341913	0.0
11500-11999	0.006746272684341913	0.013492545368683826	0.013492545368683826	0.006746272684341913	0.0
12000-12499	0.006746272684341913	0.013492545368683826	0.013492545368683826	0.006746272684341913	0.0
12500-12999	0.006746272684341913	0.013492545368683826	0.013492545368683826	0.006746272684341913	0.0
13000-13499	0.006746272684341913	0.013492545368683826	0.013492545368683826	0.006746272684341913	0.0
13500-13999	0.006746272684341913	0.013492545368683826	0.013492545368683826	0.006746272684341913	0.0
14000-14499	0.006746272684341913	0.013492545368683826	0.013492545368683826	0.006746272684341913	0.0
14500-14999	0.006746272684341913	0.013492545368683826	0.013492545368683826	0.006746272684341913	0.0
15000-15499	0.006746272684341913	0.01762126425150087	0.013492545368683826	0.006746272684341913	0.0
15500-15999	0.006746272684341913	0.02023881805302547	0.013492545368683826	0.006746272684341913	0.0
16000-16499	0.006746272684341913	0.02023881805302547	0.013492545368683826	0.006746272684341913	0.0
16500-16999	0.006746272684341913	0.02023881805302547	0.013492545368683826	0.006746272684341913	0.0
17000-17499	0.006746272684341913	0.02023881805302547	0.013492545368683826	0.006746272684341913	0.0
17500-17999	0.006746272684341913	0.02023881805302547	0.013492545368683826	0.006746272684341913	0.0
18000-18499	0.006746272684341913	0.02023881805302547	0.013492545368683826	0.006746272684341913	0.0
18500-18999	0.006746272684341913	0.02023881805302547	0.019321324967954995	0.012575052283613325	0.0
19000-19499	0.006746272684341913	0.02023881805302547	0.02023881805302547	0.013492545368683826	0.0
19500-19999	0.006746272684341913	0.02023881805302547	0.02023881805302547	0.013492545368683826	0.0
20000-20499	0.006746272684341913	0.02023881805302547	0.02023881805302547	0.013492545368683826	0.0
20500-20999	0.006746272684341913	0.02023881805302547	0.02023881805302547	0.013492545368683826	0.0
21000-21499	0.006746272684341913	0.02023881805302547	0.02023881805302547	0.013492545368683826	0.0
21500-21999	0.006746272684341913	0.02023881805302547	0.02023881805302547	0.013492545368683826	0.0
22000-22499	0.006746272684341913	0.02023881805302547	0.02023881805302547	0.013492545368683826	0.0
22500-22999	0.006746272684341913	0.02023881805302547	0.02023881805302547	0.013492545368683826	0.0
23000-23151	0.006790656057265213	0.020283201425949037	0.020283201425949037	0.013403778622837217	0.0
>>END_MODULE
