##FastQC	0.11.8
>>Basic Statistics	pass
#Measure	Value
Filename	m131024_200535_42174_c100563672550000001823084212221342_s1_p0.3.subreads.fastq.gz
File type	Conventional base calls
Encoding	Sanger / Illumina 1.9
Total Sequences	23271
Sequences flagged as poor quality	0
Sequence length	35-21204
%GC	41
>>END_MODULE
>>Per base sequence quality	fail
#Base	Mean	Median	Lower Quartile	Upper Quartile	10th Percentile	90th Percentile
1	6.099523011473508	5.0	2.0	10.0	1.0	13.0
2	7.126810192944007	7.0	3.0	11.0	2.0	13.0
3	7.650380301663014	8.0	4.0	11.0	2.0	13.0
4	7.961497142366035	8.0	4.0	12.0	2.0	13.0
5	8.172747196080959	8.0	5.0	12.0	2.0	13.0
6	8.288255768982854	9.0	5.0	12.0	2.0	13.0
7	8.380086803317434	9.0	5.0	12.0	2.0	13.0
8	8.459498947187486	9.0	5.0	12.0	2.0	14.0
9	8.5151905805509	9.0	5.0	12.0	2.0	14.0
10-499	9.364134775895055	10.03061224489796	5.981632653061224	12.975510204081633	3.0	14.0
500-999	9.619887330622854	10.944	6.84	13.0	3.014	14.0
1000-1499	9.710788499675784	11.0	7.0	13.0	3.214	14.0
1500-1999	9.763771623487747	11.0	7.0	13.0	3.608	14.0
2000-2499	9.795455777693105	11.0	7.0	13.0	3.842	14.0
2500-2999	9.816561670693428	11.0	7.0	13.0	3.924	14.0
3000-3499	9.82402407021883	11.0	7.0	13.0	3.942	14.0
3500-3999	9.828504094609334	11.0	7.0	13.0	3.958	14.0
4000-4499	9.831525112125517	11.0	7.0	13.0	3.928	14.0
4500-4999	9.842153157864141	11.0	7.0	13.0	3.954	14.0
5000-5499	9.84383941510368	11.0	7.0	13.0	3.96	14.0
5500-5999	9.830663383655441	11.0	7.0	13.0	3.94	14.0
6000-6499	9.839653198883582	11.0	7.0	13.0	3.944	14.0
6500-6999	9.827313771828099	11.0	7.0	13.0	3.908	14.0
7000-7499	9.820745253279645	10.998	7.0	13.0	3.866	14.0
7500-7999	9.81203610240056	11.0	7.0	13.0	3.814	14.0
8000-8499	9.793961986742664	11.0	7.0	13.0	3.788	14.0
8500-8999	9.770583015433164	10.998	6.998	13.0	3.688	14.0
9000-9499	9.760585992010222	10.988	6.984	13.0	3.652	14.0
9500-9999	9.797189744210774	10.998	6.99	13.0	3.812	14.0
10000-10499	9.79371851364092	10.984	6.984	13.0	3.762	14.0
10500-10999	9.762713641414205	10.954	6.966	13.0	3.674	14.0
11000-11499	9.750138983468757	10.922	6.946	13.0	3.624	14.0
11500-11999	9.745045383351089	10.898	6.938	13.0	3.658	14.0
12000-12499	9.705807333578147	10.786	6.868	13.0	3.626	14.0
12500-12999	9.661507797442846	10.69	6.768	13.0	3.478	14.0
13000-13499	9.653202011302984	10.65	6.746	13.0	3.486	14.0
13500-13999	9.761630884775514	10.78	6.916	13.0	3.64	14.0
14000-14499	9.748469086938087	10.726	6.872	13.0	3.58	14.0
14500-14999	9.801443893111085	10.72	6.968	12.99	3.656	14.0
15000-15499	9.836980624574373	10.776	6.996	12.992	3.668	13.996
15500-15999	9.768941737144221	10.626811594202898	6.786231884057971	12.960144927536232	3.5905797101449277	14.0
16000-16499	9.678685341658815	NaN	NaN	NaN	NaN	NaN
16500-16999	9.669167692077176	NaN	NaN	NaN	NaN	NaN
17000-17499	9.765445014650373	NaN	NaN	NaN	NaN	NaN
17500-17999	9.984237217843104	NaN	NaN	NaN	NaN	NaN
18000-18499	9.549656476856473	NaN	NaN	NaN	NaN	NaN
18500-18999	9.95005476190476	NaN	NaN	NaN	NaN	NaN
19000-19499	9.243842857142859	NaN	NaN	NaN	NaN	NaN
19500-19999	9.375666666666667	NaN	NaN	NaN	NaN	NaN
20000-20499	9.168	NaN	NaN	NaN	NaN	NaN
20500-20999	10.682	NaN	NaN	NaN	NaN	NaN
21000-21204	11.058536585365854	NaN	NaN	NaN	NaN	NaN
>>END_MODULE
>>Per sequence quality scores	fail
#Quality	Count
4	4.0
5	3.0
6	33.0
7	665.0
8	4521.0
9	8009.0
10	8736.0
11	1299.0
12	1.0
>>END_MODULE
>>Per base sequence content	warn
#Base	G	A	T	C
1	21.344162262042886	34.149800180482146	22.594645696360278	21.911391861114694
2	20.970306389927377	32.65007949808775	24.163121481672466	22.216492630312406
3	20.32143010614069	32.45670577113145	26.101155945167804	21.12070817756005
4	19.053757896093853	31.928150917450903	27.29577585836449	21.722315328090758
5	20.128056379184393	31.236302694340594	27.287181470499767	21.34845945597525
6	19.530746422586052	30.995659834128315	27.721198057668346	21.752395685617294
7	19.401830604615185	30.230759314167848	27.944652142151178	22.42275793906579
8	19.552232392247863	29.99441364788793	28.258347299213614	22.195006660650595
9	19.143998968673458	30.144815435520606	28.597825619870225	22.113359975935715
10-499	19.776651202831317	30.28497252695192	27.95951368779536	21.9788625824214
500-999	19.769073542632167	30.28278310146127	28.31898629688417	21.629157059022393
1000-1499	19.793167048416528	30.283118271952215	28.385958601152005	21.53775607847925
1500-1999	19.804621267085583	30.261082061107196	28.44653746342149	21.487759208385732
2000-2499	19.80233039269735	30.290050533259183	28.45649784850638	21.45112122553709
2500-2999	19.784788524770804	30.33913790802234	28.512828571719588	21.36324499548727
3000-3499	19.804859411246404	30.35441378965171	28.47251078698741	21.368216012114484
3500-3999	19.775466125351507	30.36024858303553	28.50462330485254	21.35966198676042
4000-4499	19.806259293230255	30.314908762554758	28.47661168112755	21.402220263087433
4500-4999	19.825444602327032	30.323559303674063	28.528005486242975	21.32299060775593
5000-5499	19.76369311314717	30.272885282991858	28.62535697558128	21.33806462827969
5500-5999	19.763527856134527	30.32172803816604	28.53088254498527	21.383861560714163
6000-6499	19.744867768860768	30.31653341922543	28.579474911254554	21.359123900659252
6500-6999	19.749738939803734	30.29024705050623	28.639081846425256	21.32093216326478
7000-7499	19.718346844246277	30.26173025187346	28.678401707394762	21.3415211964855
7500-7999	19.737366847060976	30.12962454712679	28.67900915472254	21.453999451089693
8000-8499	19.665285901625694	30.1372785745509	28.799619075373116	21.397816448450282
8500-8999	19.69049386349571	30.170585625691444	28.783354959644253	21.355565551168592
9000-9499	19.67378590047323	30.258079647541518	28.74784018240439	21.32029426958086
9500-9999	19.602423378221875	30.200535257279977	28.82337396535548	21.373667399142665
10000-10499	19.56083335126875	30.141618061683488	28.954114026214405	21.34343456083335
10500-10999	19.554770745831128	30.012532054625847	29.152031983142905	21.28066521640012
11000-11499	19.545611177244535	30.140968610989287	29.014629409184888	21.29879080258129
11500-11999	19.436959350838244	30.430988287529665	28.898415371660413	21.23363698997168
12000-12499	19.540820656940504	30.026075803728887	29.148316153795374	21.284787385535235
12500-12999	19.451390713617215	30.364824289733725	28.88480149744177	21.29898349920729
13000-13499	19.438612001326113	30.45051018528751	28.814970346631302	21.295907466755075
13500-13999	19.58446259386383	30.33121420834457	28.69730942728781	21.387013770503792
14000-14499	19.3734247846422	30.859801131020298	28.79525021629823	20.97152386803927
14500-14999	19.423499174482135	30.720328164626988	28.89738047011966	20.958792190771224
15000-15499	19.70172496406325	30.628893148059415	29.029707714422614	20.63967417345472
15500-15999	19.741142878611413	31.271367922756134	29.07728143667581	19.910207761956645
16000-16499	19.809512747546314	30.46053777803589	29.20610953017016	20.523839944247634
16500-16999	19.580241679033282	31.12995548017808	28.46724613101548	20.82255670977316
17000-17499	19.757987067033742	30.866252641014146	29.668992893271017	19.706767398681095
17500-17999	20.330647692790624	30.2291514073454	29.779219420320185	19.66098147954379
18000-18499	19.504551559468737	31.786300552156394	30.114908222653337	18.594239665721535
18500-18999	19.919246298788696	32.05473306415433	29.407806191117093	18.618214445939884
19000-19499	20.844327176781004	29.683377308707126	29.287598944591032	20.184696569920842
19500-19999	23.045822102425877	22.506738544474395	35.44474393530997	19.00269541778976
20000-20499	20.200000000000003	28.799999999999997	31.0	20.0
20500-20999	15.2	26.8	31.6	26.400000000000002
21000-21204	16.585365853658537	30.24390243902439	28.292682926829265	24.878048780487806
>>END_MODULE
>>Per sequence GC content	warn
#GC Content	Count
0	0.0
1	0.0
2	0.0
3	0.0
4	0.0
5	0.0
6	0.0
7	0.0
8	0.0
9	0.0
10	0.0
11	0.0
12	0.0
13	0.0
14	0.0
15	0.0
16	0.0
17	0.0
18	0.0
19	0.01639344262295082
20	0.0
21	0.39285714285714285
22	1.0
23	3.8528138528138527
24	5.237221348019932
25	3.435506477481623
26	4.503511753727565
27	5.145719557664962
28	3.8417566244380597
29	5.262554487182372
30	8.165510145344765
31	14.192402041153832
32	21.02591551824398
33	29.057657203917046
34	39.14416737799273
35	45.43458924807476
36	55.153741515463665
37	77.91751278549813
38	102.49114322959451
39	132.92270147168125
40	147.4702221474511
41	154.984617334856
42	153.04903045598098
43	143.13843212482203
44	123.28665645007757
45	103.26872008521995
46	82.28770964849069
47	64.42516394467096
48	57.000169222907154
49	57.27711097205308
50	45.42352271820524
51	37.401099574951104
52	26.281724855064322
53	19.8679280183297
54	18.256946296833082
55	12.537993051003134
56	7.094874301630398
57	5.14729538741086
58	3.8301984142267385
59	3.7394785394785393
60	4.8117035546613005
61	3.138114000583942
62	1.7628567341391888
63	1.0344325026283487
64	1.1438896023771752
65	0.5
66	0.3333333333333333
67	0.5672268907563025
68	0.5163934426229508
69	0.04126707352513804
70	0.0
71	0.0
72	0.047619047619047616
73	0.0
74	0.0
75	0.5
76	0.5
77	0.0
78	0.0
79	0.0
80	0.0
81	0.0
82	0.0
83	0.0
84	0.0
85	0.0
86	0.0
87	0.0
88	0.0
89	0.0
90	0.0
91	0.0
92	0.0
93	0.0
94	0.0
95	0.0
96	0.0
97	0.0
98	0.0
99	0.0
100	0.0
>>END_MODULE
>>Per base N content	pass
#Base	N-Count
1	0.0
2	0.0
3	0.0
4	0.0
5	0.0
6	0.0
7	0.0
8	0.0
9	0.0
10-499	0.0
500-999	0.0
1000-1499	0.0
1500-1999	0.0
2000-2499	0.0
2500-2999	0.0
3000-3499	0.0
3500-3999	0.0
4000-4499	0.0
4500-4999	0.0
5000-5499	0.0
5500-5999	0.0
6000-6499	0.0
6500-6999	0.0
7000-7499	0.0
7500-7999	0.0
8000-8499	0.0
8500-8999	0.0
9000-9499	0.0
9500-9999	0.0
10000-10499	0.0
10500-10999	0.0
11000-11499	0.0
11500-11999	0.0
12000-12499	0.0
12500-12999	0.0
13000-13499	0.0
13500-13999	0.0
14000-14499	0.0
14500-14999	0.0
15000-15499	0.0
15500-15999	0.0
16000-16499	0.0
16500-16999	0.0
17000-17499	0.0
17500-17999	0.0
18000-18499	0.0
18500-18999	0.0
19000-19499	0.0
19500-19999	0.0
20000-20499	0.0
20500-20999	0.0
21000-21204	0.0
>>END_MODULE
>>Sequence Length Distribution	warn
#Length	Count
0-499	1389.0
500-999	1523.0
1000-1499	1560.0
1500-1999	1487.0
2000-2499	1471.0
2500-2999	1416.0
3000-3499	1370.0
3500-3999	1241.0
4000-4499	1192.0
4500-4999	1132.0
5000-5499	989.0
5500-5999	926.0
6000-6499	936.0
6500-6999	933.0
7000-7499	865.0
7500-7999	690.0
8000-8499	612.0
8500-8999	575.0
9000-9499	497.0
9500-9999	431.0
10000-10499	345.0
10500-10999	277.0
11000-11499	255.0
11500-11999	229.0
12000-12499	172.0
12500-12999	157.0
13000-13499	111.0
13500-13999	116.0
14000-14499	107.0
14500-14999	63.0
15000-15499	73.0
15500-15999	44.0
16000-16499	33.0
16500-16999	16.0
17000-17499	13.0
17500-17999	10.0
18000-18499	4.0
18500-18999	4.0
19000-19499	4.0
19500-19999	2.0
20000-20499	0.0
20500-20999	0.0
21000-21205	1.0
>>END_MODULE
>>Sequence Duplication Levels	pass
#Total Deduplicated Percentage	100.0
#Duplication Level	Percentage of deduplicated	Percentage of total
1	100.0	100.0
2	0.0	0.0
3	0.0	0.0
4	0.0	0.0
5	0.0	0.0
6	0.0	0.0
7	0.0	0.0
8	0.0	0.0
9	0.0	0.0
>10	0.0	0.0
>50	0.0	0.0
>100	0.0	0.0
>500	0.0	0.0
>1k	0.0	0.0
>5k	0.0	0.0
>10k+	0.0	0.0
>>END_MODULE
>>Overrepresented sequences	pass
>>END_MODULE
>>Adapter Content	pass
#Position	Illumina Universal Adapter	Illumina Small RNA 3' Adapter	Illumina Small RNA 5' Adapter	Nextera Transposase Sequence	SOLID Small RNA Adapter
1	0.0	0.0	0.0	0.0	0.0
2	0.0	0.0	0.0	0.0	0.0
3	0.0	0.0	0.0	0.0	0.0
4	0.0	0.0	0.0	0.0	0.0
5	0.0	0.0	0.0	0.0	0.0
6	0.0	0.0	0.0	0.0	0.0
7	0.0	0.0	0.0	0.0	0.0
8	0.0	0.0	0.0	0.0	0.0
9	0.0	0.0	0.0	0.0	0.0
10-499	0.0	0.0021836761003228146	0.0	0.0	0.0
500-999	0.0031885178978127266	0.00429719393236218	0.0	0.0	0.0
1000-1499	0.006574706716514112	0.00429719393236218	0.0	0.007545872545227961	0.0
1500-1999	0.00859438786472436	0.00429719393236218	0.0	0.00859438786472436	0.0
2000-2499	0.00859438786472436	0.00429719393236218	0.0	0.013372867517511183	0.0
2500-2999	0.00859438786472436	0.00429719393236218	0.0	0.01718877572944872	0.0
3000-3499	0.00859438786472436	0.00429719393236218	0.0	0.01718877572944872	0.0
3500-3999	0.011834472089725535	0.008087318980705598	0.0	0.01718877572944872	0.0
4000-4499	0.016939538481371703	0.00859438786472436	0.0	0.01718877572944872	0.0
4500-4999	0.0202741609728846	0.00859438786472436	0.0	0.021382837007434034	0.0012977525675733738
5000-5499	0.022611834472089785	0.00859438786472436	0.0	0.021485969661810725	0.00429719393236218
5500-5999	0.02578316359417329	0.00859438786472436	0.0	0.021485969661810725	0.00429719393236218
6000-6499	0.02578316359417329	0.00859438786472436	0.0	0.021485969661810725	0.00429719393236218
6500-6999	0.02578316359417329	0.00859438786472436	0.0	0.021485969661810725	0.00429719393236218
7000-7499	0.02578316359417329	0.010244510334751485	0.0	0.021485969661810725	0.00429719393236218
7500-7999	0.02578316359417329	0.012891581797086646	0.0029564694254651694	0.021485969661810725	0.00429719393236218
8000-8499	0.02578316359417329	0.012891581797086646	0.00429719393236218	0.021485969661810725	0.00429719393236218
8500-8999	0.02578316359417329	0.012891581797086646	0.00429719393236218	0.021485969661810725	0.00429719393236218
9000-9499	0.02578316359417329	0.012891581797086646	0.00429719393236218	0.021485969661810725	0.00429719393236218
9500-9999	0.02578316359417329	0.012891581797086646	0.00429719393236218	0.021485969661810725	0.00429719393236218
10000-10499	0.02578316359417329	0.012891581797086646	0.00429719393236218	0.021485969661810725	0.00429719393236218
10500-10999	0.02578316359417329	0.012891581797086646	0.00429719393236218	0.021485969661810725	0.00429719393236218
11000-11499	0.02578316359417329	0.012891581797086646	0.00429719393236218	0.021485969661810725	0.00429719393236218
11500-11999	0.02578316359417329	0.012891581797086646	0.00429719393236218	0.021485969661810725	0.00429719393236218
12000-12499	0.02578316359417329	0.012891581797086646	0.00429719393236218	0.021485969661810725	0.00429719393236218
12500-12999	0.02578316359417329	0.012891581797086646	0.00429719393236218	0.021485969661810725	0.00429719393236218
13000-13499	0.02578316359417329	0.012891581797086646	0.00429719393236218	0.021485969661810725	0.00429719393236218
13500-13999	0.02578316359417329	0.012891581797086646	0.00429719393236218	0.021485969661810725	0.00429719393236218
14000-14499	0.02578316359417329	0.012891581797086646	0.00429719393236218	0.021485969661810725	0.00429719393236218
14500-14999	0.02578316359417329	0.012891581797086646	0.00429719393236218	0.021485969661810725	0.00429719393236218
15000-15499	0.02578316359417329	0.012891581797086646	0.00429719393236218	0.021485969661810725	0.00429719393236218
15500-15999	0.02578316359417329	0.012891581797086646	0.00429719393236218	0.021485969661810725	0.00429719393236218
16000-16499	0.02578316359417329	0.012891581797086646	0.00429719393236218	0.021485969661810725	0.00429719393236218
16500-16999	0.02578316359417329	0.012891581797086646	0.00429719393236218	0.021485969661810725	0.00429719393236218
17000-17499	0.02578316359417329	0.017120020626530924	0.00429719393236218	0.025714408491255496	0.00429719393236218
17500-17999	0.02578316359417329	0.01718877572944872	0.00429719393236218	0.02578316359417329	0.00429719393236218
18000-18499	0.02578316359417329	0.01718877572944872	0.00429719393236218	0.02578316359417329	0.00429719393236218
18500-18999	0.02578316359417329	0.01718877572944872	0.00429719393236218	0.02578316359417329	0.00429719393236218
19000-19499	0.02603240084225025	0.01743801297752568	0.004503459241115553	0.025989428902926624	0.004503459241115553
19500-19999	0.03437755145889744	0.02578316359417329	0.00859438786472436	0.032461002965063886	0.00859438786472436
20000-20499	0.03437755145889744	0.02578316359417329	0.00859438786472436	0.03437755145889744	0.00859438786472436
20500-20999	0.03437755145889744	0.02578316359417329	0.00859438786472436	0.03437755145889744	0.00859438786472436
21000-21193	0.034399701943084754	0.025650260689048472	0.008550086896349462	0.03420034758539785	0.008550086896349462
>>END_MODULE
