##FastQC	0.11.8
>>Basic Statistics	pass
#Measure	Value
Filename	m131024_200535_42174_c100563672550000001823084212221342_s1_p0.2.subreads.fastq.gz
File type	Conventional base calls
Encoding	Sanger / Illumina 1.9
Total Sequences	26440
Sequences flagged as poor quality	0
Sequence length	36-20732
%GC	41
>>END_MODULE
>>Per base sequence quality	fail
#Base	Mean	Median	Lower Quartile	Upper Quartile	10th Percentile	90th Percentile
1	6.48589258698941	6.0	2.0	11.0	1.0	13.0
2	7.3821482602118005	7.0	3.0	11.0	2.0	13.0
3	7.876664145234493	8.0	4.0	12.0	2.0	13.0
4	8.183661119515884	9.0	5.0	12.0	2.0	13.0
5	8.3553328290469	9.0	5.0	12.0	2.0	13.0
6	8.432715582450832	9.0	5.0	12.0	2.0	14.0
7	8.48891830559758	9.0	5.0	12.0	2.0	14.0
8	8.590809379727686	9.0	5.0	12.0	2.0	14.0
9	8.638880484114978	9.0	5.0	12.0	3.0	14.0
10-499	9.384173373155244	10.038775510204081	6.03469387755102	12.979591836734693	3.0	14.0
500-999	9.617314717565108	10.97	6.948	13.0	3.01	14.0
1000-1499	9.693178537746379	11.0	7.0	13.0	3.21	14.0
1500-1999	9.739676321079214	11.0	7.0	13.0	3.572	14.0
2000-2499	9.762515392864044	11.0	7.0	13.0	3.792	14.0
2500-2999	9.77773292300623	11.0	7.0	13.0	3.86	14.0
3000-3499	9.785885829849558	11.0	7.0	13.0	3.866	14.0
3500-3999	9.792809185647977	11.0	7.0	13.0	3.882	14.0
4000-4499	9.802565628829699	11.0	7.0	13.0	3.94	14.0
4500-4999	9.801529972679083	11.0	7.0	13.0	3.908	14.0
5000-5499	9.815820471906145	11.0	7.0	13.0	3.932	14.0
5500-5999	9.806333951094597	11.0	7.0	13.0	3.91	14.0
6000-6499	9.80512300327274	11.0	7.0	13.0	3.906	14.0
6500-6999	9.80259508861729	11.0	7.0	13.0	3.898	14.0
7000-7499	9.805090838857607	11.0	7.0	13.0	3.876	14.0
7500-7999	9.807586449254556	11.0	7.0	13.0	3.87	14.0
8000-8499	9.79325933404927	11.0	7.0	13.0	3.838	14.0
8500-8999	9.804308179767162	11.0	7.0	13.0	3.848	14.0
9000-9499	9.79593352695961	10.996	6.998	13.0	3.82	14.0
9500-9999	9.788796523268068	10.994	6.996	13.0	3.752	14.0
10000-10499	9.819133341205797	10.99	6.996	13.0	3.848	14.0
10500-10999	9.82225097816454	10.988	7.004	13.0	3.814	14.0
11000-11499	9.798111949664571	10.976	6.998	13.0	3.764	14.0
11500-11999	9.795402957208978	10.958	6.998	13.0	3.724	14.0
12000-12499	9.826267852136981	10.948	7.028	13.0	3.768	14.0
12500-12999	9.803476503728264	10.932	7.012	13.0	3.718	14.0
13000-13499	9.77281548224645	10.854	6.976	13.0	3.684	14.0
13500-13999	9.81365933763258	10.856	7.036	13.0	3.734	14.0
14000-14499	9.78112196003454	10.766	6.972	12.996	3.7	14.0
14500-14999	9.756148247756709	10.714	6.898	12.996	3.564	14.0
15000-15499	9.76949329641606	10.716	6.896	12.974	3.58	13.994
15500-15999	9.807930125928824	10.727272727272727	6.907070707070707	12.951515151515151	3.6262626262626263	13.987878787878788
16000-16499	9.635416926837815	NaN	NaN	NaN	NaN	NaN
16500-16999	9.625528359556942	NaN	NaN	NaN	NaN	NaN
17000-17499	9.667899620755392	NaN	NaN	NaN	NaN	NaN
17500-17999	9.763575866066454	NaN	NaN	NaN	NaN	NaN
18000-18499	9.635063206727894	NaN	NaN	NaN	NaN	NaN
18500-18999	9.032041269841272	NaN	NaN	NaN	NaN	NaN
19000-19499	9.504899999999996	NaN	NaN	NaN	NaN	NaN
19500-19999	9.35583333333333	NaN	NaN	NaN	NaN	NaN
20000-20499	9.150666666666668	NaN	NaN	NaN	NaN	NaN
20500-20732	8.266094420600858	NaN	NaN	NaN	NaN	NaN
>>END_MODULE
>>Per sequence quality scores	fail
#Quality	Count
4	3.0
5	16.0
6	43.0
7	698.0
8	5220.0
9	9633.0
10	9678.0
11	1148.0
12	1.0
>>END_MODULE
>>Per base sequence content	pass
#Base	G	A	T	C
1	21.055219364599093	32.65128593040848	23.95234493192133	22.341149773071102
2	21.66036308623298	31.947806354009078	24.15658093797277	22.235249621785176
3	20.578668683812406	31.985627836611197	26.096822995461423	21.338880484114977
4	20.442511346444782	30.93797276853253	26.940242057488657	21.67927382753404
5	20.302571860816947	30.601361573373676	27.159606656580937	21.936459909228443
6	20.01512859304085	29.88275340393343	27.995461422087747	22.106656580937972
7	20.158850226928895	30.574886535552192	27.51512859304085	21.75113464447806
8	20.18910741301059	30.219364599092284	28.02193645990923	21.569591527987896
9	19.867624810892586	29.94704992435703	27.995461422087747	22.189863842662632
10-499	20.249497450699053	29.778878307582758	28.216804899920078	21.754819341798115
500-999	20.24973754905568	29.862911054476122	28.54059671667081	21.346754679797392
1000-1499	20.219114345566968	29.967116950919003	28.640316637213353	21.173452066300676
1500-1999	20.22780759484186	29.910049914379943	28.7178573550657	21.144285135712497
2000-2499	20.206457938412083	29.88391770089724	28.79984526747888	21.1097790932118
2500-2999	20.229463285816156	29.873523212207047	28.799711282138606	21.097302219838195
3000-3499	20.294383847937905	29.87373939419575	28.75183908684465	21.0800376710217
3500-3999	20.270843544484155	29.791611885814618	28.837173427237357	21.10037114246387
4000-4499	20.269447507510975	29.82234594469614	28.883888401443365	21.024318146349525
4500-4999	20.261111155503194	29.855898660050006	28.91123895259539	20.971751231851407
5000-5499	20.214500973281645	29.911457123615033	28.92919582543321	20.94484607767011
5500-5999	20.230556979515292	29.86064318228828	28.974873487214175	20.933926350982254
6000-6499	20.280267373235596	29.785110128109093	28.945947725327542	20.988674773327766
6500-6999	20.212821520916258	29.880130057596116	28.973687155807966	20.933361265679657
7000-7499	20.256663429482437	29.899789211323252	28.972798866782774	20.87074849241154
7500-7999	20.1983165159531	29.850175316625478	29.103472523146717	20.84803564427471
8000-8499	20.219665987461617	29.813487718703946	29.06358578387692	20.903260509957512
8500-8999	20.204225030496747	29.763723810902015	29.075985731319403	20.956065427281835
9000-9499	20.126976776615855	29.88519205040131	29.01443025551906	20.97340091746378
9500-9999	20.130930713149343	30.00693033327604	28.86024665079675	21.001892302777865
10000-10499	20.076085109956917	29.79258885981137	29.14874772613178	20.98257830409993
10500-10999	20.148614090470527	29.67633228106002	29.188055604994705	20.98699802347475
11000-11499	20.05154800390093	29.69341305787991	29.166702207209898	21.088336731009267
11500-11999	20.04396251070937	29.767466011267558	29.274705113670784	20.913866364352288
12000-12499	20.080470999588645	29.794837515425748	29.136672151378036	20.988019333607568
12500-12999	20.373549859476363	29.67082602539991	28.865192401158	21.090431713965724
13000-13499	19.915835849776702	29.884299402079666	29.12434466458209	21.075520083561543
13500-13999	20.168694384949987	29.686237276159773	29.101989445560733	21.043078893329508
14000-14499	19.8683549039552	30.156197023371096	29.108063554417598	20.867384518256113
14500-14999	20.215348439865682	29.939861452967598	28.84451098310877	21.000279124057954
15000-15499	20.218226993577424	29.78177300642258	28.751582204303595	21.248417795696405
15500-15999	20.263464409337733	29.97030693767738	28.944994012172515	20.821234640812374
16000-16499	19.485109736584434	30.58056504191245	28.91123158120985	21.02309364029327
16500-16999	20.100283409635928	30.05232177894048	28.42816655766296	21.41922825376063
17000-17499	19.362639724849526	29.20786758383491	28.831685296646604	22.59780739466896
17500-17999	18.700503959683225	28.284737221022315	30.588552915766737	22.42620590352772
18000-18499	18.602993585174627	27.66928011404134	30.320741268709906	23.406985032074125
18500-18999	20.42648709315376	28.423120089786757	27.609427609427613	23.540965207631874
19000-19499	21.78423236514523	32.11618257261411	24.854771784232366	21.244813278008298
19500-19999	17.70890979524073	36.35860542335362	27.227448810182626	18.705035971223023
20000-20499	20.20573108008817	27.33284349742836	30.639235855988247	21.822189566495222
20500-20732	24.034334763948497	24.463519313304722	31.759656652360512	19.742489270386265
>>END_MODULE
>>Per sequence GC content	warn
#GC Content	Count
0	0.0
1	0.0
2	0.0
3	0.0
4	0.0
5	0.2
6	0.0
7	0.0
8	0.0
9	0.0
10	0.0
11	0.0
12	0.0
13	0.0
14	0.0
15	0.0
16	0.16666666666666666
17	0.0
18	0.0
19	0.75
20	1.3333333333333333
21	0.976190476190476
22	1.0833333333333333
23	1.3575837742504409
24	2.1970092915214865
25	3.2057221377042744
26	3.0409221690673682
27	5.431677391694143
28	7.536509801810658
29	10.312724357127484
30	13.7367626923133
31	14.186927298964306
32	18.87095601220178
33	23.82078049000831
34	34.34758146086656
35	45.70461758225403
36	62.405283008068466
37	93.31420438978542
38	108.87208492996878
39	137.99375838005358
40	166.1709549863616
41	176.48128699128216
42	170.4875158162185
43	161.8112619008271
44	144.72147633863787
45	125.42143188992058
46	101.46291787111291
47	82.2861583415167
48	62.234601296346185
49	54.04348761035519
50	46.171296932802136
51	32.806124400022924
52	28.84558098582614
53	23.411434249476955
54	19.575879644551602
55	14.28581979838571
56	11.444453847129756
57	10.125332899731418
58	6.530087224200503
59	2.3515535629343782
60	3.7124416188691463
61	5.084074783784999
62	3.231544957774466
63	2.3051948051948052
64	1.1360217817634852
65	0.26639344262295084
66	0.07521697203471553
67	0.3543581866162511
68	0.03225806451612903
69	0.8333333333333333
70	1.0
71	1.0
72	1.0
73	0.5909090909090909
74	0.0
75	0.0
76	0.0
77	0.0
78	0.0
79	0.0
80	0.0
81	0.0
82	0.3333333333333333
83	0.0
84	0.0
85	0.0
86	0.0
87	0.0
88	0.0
89	0.0
90	0.0
91	0.0
92	0.0
93	0.0
94	0.0
95	0.0
96	0.0
97	0.0
98	0.0
99	0.0
100	0.0
>>END_MODULE
>>Per base N content	pass
#Base	N-Count
1	0.0
2	0.0
3	0.0
4	0.0
5	0.0
6	0.0
7	0.0
8	0.0
9	0.0
10-499	0.0
500-999	0.0
1000-1499	0.0
1500-1999	0.0
2000-2499	0.0
2500-2999	0.0
3000-3499	0.0
3500-3999	0.0
4000-4499	0.0
4500-4999	0.0
5000-5499	0.0
5500-5999	0.0
6000-6499	0.0
6500-6999	0.0
7000-7499	0.0
7500-7999	0.0
8000-8499	0.0
8500-8999	0.0
9000-9499	0.0
9500-9999	0.0
10000-10499	0.0
10500-10999	0.0
11000-11499	0.0
11500-11999	0.0
12000-12499	0.0
12500-12999	0.0
13000-13499	0.0
13500-13999	0.0
14000-14499	0.0
14500-14999	0.0
15000-15499	0.0
15500-15999	0.0
16000-16499	0.0
16500-16999	0.0
17000-17499	0.0
17500-17999	0.0
18000-18499	0.0
18500-18999	0.0
19000-19499	0.0
19500-19999	0.0
20000-20499	0.0
20500-20732	0.0
>>END_MODULE
>>Sequence Length Distribution	warn
#Length	Count
0-499	1479.0
500-999	1777.0
1000-1499	1820.0
1500-1999	1681.0
2000-2499	1722.0
2500-2999	1501.0
3000-3499	1493.0
3500-3999	1411.0
4000-4499	1394.0
4500-4999	1277.0
5000-5499	1180.0
5500-5999	1121.0
6000-6499	1066.0
6500-6999	1092.0
7000-7499	964.0
7500-7999	820.0
8000-8499	692.0
8500-8999	622.0
9000-9499	547.0
9500-9999	475.0
10000-10499	413.0
10500-10999	335.0
11000-11499	285.0
11500-11999	235.0
12000-12499	197.0
12500-12999	164.0
13000-13499	161.0
13500-13999	117.0
14000-14499	117.0
14500-14999	87.0
15000-15499	51.0
15500-15999	45.0
16000-16499	30.0
16500-16999	24.0
17000-17499	19.0
17500-17999	9.0
18000-18499	8.0
18500-18999	4.0
19000-19499	1.0
19500-19999	1.0
20000-20499	2.0
20500-20733	1.0
>>END_MODULE
>>Sequence Duplication Levels	pass
#Total Deduplicated Percentage	100.0
#Duplication Level	Percentage of deduplicated	Percentage of total
1	100.0	100.0
2	0.0	0.0
3	0.0	0.0
4	0.0	0.0
5	0.0	0.0
6	0.0	0.0
7	0.0	0.0
8	0.0	0.0
9	0.0	0.0
>10	0.0	0.0
>50	0.0	0.0
>100	0.0	0.0
>500	0.0	0.0
>1k	0.0	0.0
>5k	0.0	0.0
>10k+	0.0	0.0
>>END_MODULE
>>Overrepresented sequences	pass
>>END_MODULE
>>Adapter Content	pass
#Position	Illumina Universal Adapter	Illumina Small RNA 3' Adapter	Illumina Small RNA 5' Adapter	Nextera Transposase Sequence	SOLID Small RNA Adapter
1	0.0	0.0	0.0	0.0	0.0
2	0.0	0.0	0.0	0.0	0.0
3	0.0	0.0	0.0	0.0	0.0
4	0.0	0.0	0.0	0.0	0.0
5	0.0	0.0	0.0	0.0	0.0
6	0.0	0.0	0.0	0.0	0.0
7	0.0	0.0	0.0	0.0	0.0
8	0.0	0.0	0.0	0.0	0.0
9	0.0	0.0	0.0	0.0	0.0
10-499	0.0028404705301182656	0.0	0.0	0.0	9.493964000123483E-4
500-999	0.003782148260211825	0.0	0.0	0.007110438729198231	0.00647503782148264
1000-1499	0.003782148260211825	0.002647503782148274	0.0	0.009160363086233	0.008434190620272355
1500-1999	0.003782148260211825	0.003782148260211825	0.0	0.012503782148260313	0.01134644478063536
2000-2499	0.006724659606656621	0.007057488653555265	0.0	0.0151285930408473	0.014394856278366206
2500-2999	0.00756429652042365	0.00756429652042365	0.0	0.0151285930408473	0.0151285930408473
3000-3499	0.00756429652042365	0.00756429652042365	0.0	0.0151285930408473	0.0151285930408473
3500-3999	0.00756429652042365	0.00756429652042365	0.0	0.0151285930408473	0.0151285930408473
4000-4499	0.00756429652042365	0.00756429652042365	0.0	0.0151285930408473	0.0151285930408473
4500-4999	0.00756429652042365	0.00756429652042365	0.0	0.0151285930408473	0.0151285930408473
5000-5499	0.00756429652042365	0.00756429652042365	0.0	0.016558245083207232	0.0151285930408473
5500-5999	0.00978819969742814	0.00756429652042365	0.0	0.021633888048411442	0.0151285930408473
6000-6499	0.01134644478063536	0.00756429652042365	0.0	0.02269288956127072	0.0151285930408473
6500-6999	0.014440242057488745	0.00756429652042365	0.0028971255673222555	0.02269288956127072	0.0151285930408473
7000-7499	0.016891074130105852	0.00756429652042365	0.003782148260211825	0.02269288956127072	0.0151285930408473
7500-7999	0.02068078668683805	0.00756429652042365	0.003782148260211825	0.02269288956127072	0.0151285930408473
8000-8499	0.024493192133131607	0.00756429652042365	0.003782148260211825	0.02269288956127072	0.0151285930408473
8500-8999	0.026475037821482448	0.00756429652042365	0.003782148260211825	0.02269288956127072	0.0151285930408473
9000-9499	0.026475037821482448	0.00756429652042365	0.003782148260211825	0.02269288956127072	0.0151285930408473
9500-9999	0.026475037821482448	0.00756429652042365	0.003782148260211825	0.02269288956127072	0.0151285930408473
10000-10499	0.026475037821482448	0.00756429652042365	0.003782148260211825	0.02269288956127072	0.0151285930408473
10500-10999	0.026475037821482448	0.00756429652042365	0.003782148260211825	0.02269288956127072	0.0151285930408473
11000-11499	0.026475037821482448	0.00756429652042365	0.003782148260211825	0.02269288956127072	0.0151285930408473
11500-11999	0.026475037821482448	0.00756429652042365	0.003782148260211825	0.02269288956127072	0.0151285930408473
12000-12499	0.026475037821482448	0.00756429652042365	0.003782148260211825	0.02269288956127072	0.0151285930408473
12500-12999	0.026475037821482448	0.00756429652042365	0.003782148260211825	0.02269288956127072	0.0151285930408473
13000-13499	0.026475037821482448	0.00756429652042365	0.003782148260211825	0.02269288956127072	0.0151285930408473
13500-13999	0.026475037821482448	0.00756429652042365	0.003782148260211825	0.02269288956127072	0.0151285930408473
14000-14499	0.026475037821482448	0.00756429652042365	0.003782148260211825	0.02269288956127072	0.0151285930408473
14500-14999	0.026475037821482448	0.00756429652042365	0.003782148260211825	0.02269288956127072	0.0151285930408473
15000-15499	0.026475037821482448	0.00756429652042365	0.003782148260211825	0.02269288956127072	0.0151285930408473
15500-15999	0.026475037821482448	0.00756429652042365	0.003782148260211825	0.02269288956127072	0.0151285930408473
16000-16499	0.026641452344931787	0.00756429652042365	0.003782148260211825	0.02269288956127072	0.0151285930408473
16500-16999	0.0302571860816946	0.00756429652042365	0.003782148260211825	0.02269288956127072	0.0151285930408473
17000-17499	0.0302571860816946	0.00756429652042365	0.003782148260211825	0.02269288956127072	0.0151285930408473
17500-17999	0.0302571860816946	0.00756429652042365	0.003782148260211825	0.02269288956127072	0.0151285930408473
18000-18499	0.0302571860816946	0.00756429652042365	0.003782148260211825	0.02269288956127072	0.0151285930408473
18500-18999	0.03181543116490206	0.00756429652042365	0.003782148260211825	0.02269288956127072	0.0151285930408473
19000-19499	0.03403933434190646	0.00756429652042365	0.003782148260211825	0.02269288956127072	0.0151285930408473
19500-19999	0.03403933434190646	0.00756429652042365	0.003782148260211825	0.02269288956127072	0.0151285930408473
20000-20499	0.03403933434190646	0.00756429652042365	0.003782148260211825	0.02269288956127072	0.0151285930408473
20500-20721	0.03405637104578094	0.007581333224298449	0.0037991849640866384	0.02270992626514576	0.015145629744722071
>>END_MODULE
