##FastQC	0.11.8
>>Basic Statistics	pass
#Measure	Value
Filename	m131023_233432_42174_c100519312550000001823081209281335_s1_X0.3.subreads.fastq.gz
File type	Conventional base calls
Encoding	Sanger / Illumina 1.9
Total Sequences	15336
Sequences flagged as poor quality	0
Sequence length	37-20948
%GC	39
>>END_MODULE
>>Per base sequence quality	fail
#Base	Mean	Median	Lower Quartile	Upper Quartile	10th Percentile	90th Percentile
1	6.975417318727178	7.0	3.0	11.0	1.0	13.0
2	7.905451225873761	8.0	4.0	12.0	2.0	13.0
3	8.329942618675013	9.0	5.0	12.0	2.0	14.0
4	8.629890453834117	9.0	5.0	12.0	2.0	14.0
5	8.614893062076161	9.0	5.0	12.0	2.0	14.0
6	8.666340636411059	9.0	5.0	12.0	2.0	14.0
7	8.770996348461138	9.0	5.0	12.0	3.0	14.0
8	8.780907668231611	9.0	5.0	12.0	3.0	14.0
9	8.924947835159102	10.0	5.0	13.0	3.0	14.0
10-499	9.995094346321556	10.953061224489796	6.987755102040817	13.004081632653062	3.8489795918367347	14.0
500-999	10.264648519037287	11.3	7.862	13.44	4.0	14.0
1000-1499	10.36077132473677	11.934	8.0	13.94	4.0	14.0
1500-1999	10.37736292278021	11.952	8.0	13.964	4.0	14.0
2000-2499	10.38860314777858	11.968	8.0	13.964	4.002	14.0
2500-2999	10.382813089644788	11.932	8.0	13.914	4.012	14.0
3000-3499	10.38185393511278	11.914	8.0	13.842	4.01	14.0
3500-3999	10.3964497717834	11.924	8.0	13.848	4.058	14.0
4000-4499	10.395072548066597	11.902	8.0	13.74	4.084	14.0
4500-4999	10.367915929662383	11.754	7.998	13.592	4.038	14.0
5000-5499	10.355785078049971	11.682	7.996	13.452	4.048	14.0
5500-5999	10.33872144911472	11.56	7.996	13.338	4.03	14.0
6000-6499	10.340290288517961	11.558	7.996	13.332	4.048	14.0
6500-6999	10.313653849194028	11.408	7.978	13.226	4.044	14.0
7000-7499	10.29378446791948	11.266	7.95	13.138	4.028	14.0
7500-7999	10.252639174855874	11.18	7.822	13.108	4.01	14.0
8000-8499	10.257373784256846	11.206	7.842	13.072	4.044	14.0
8500-8999	10.20564284243525	11.09	7.662	13.044	4.028	14.0
9000-9499	10.186979980248971	11.074	7.618	13.024	4.018	14.0
9500-9999	10.167534313890078	11.088	7.526	13.034	4.026	14.0
10000-10499	10.127486616734306	11.044	7.44	13.028	4.006	14.0
10500-10999	10.136501681729847	11.062	7.452	13.048	4.028	14.0
11000-11499	10.135817898320033	11.076	7.47	13.028	4.03	14.0
11500-11999	10.088498051678268	11.076	7.36	13.028	3.98	14.0
12000-12499	10.135815247971022	11.1	7.48	13.062	4.086	14.0
12500-12999	10.13013874696588	11.156	7.436	13.102	4.072	14.0
13000-13499	10.13261622300114	11.138	7.436	13.106	4.07	14.0
13500-13999	10.000666388525358	10.96	7.186	13.068	3.824	14.0
14000-14499	9.975407973573786	10.91	7.158	13.064	3.758	14.0
14500-14999	10.060165742197011	10.966981132075471	7.238207547169812	13.110849056603774	3.8797169811320753	13.997641509433961
15000-15499	10.088245701526152	NaN	NaN	NaN	NaN	NaN
15500-15999	10.012370451240031	NaN	NaN	NaN	NaN	NaN
16000-16499	10.055978722374455	NaN	NaN	NaN	NaN	NaN
16500-16999	10.139675540373904	NaN	NaN	NaN	NaN	NaN
17000-17499	9.684391181041187	NaN	NaN	NaN	NaN	NaN
17500-17999	9.987069047619034	NaN	NaN	NaN	NaN	NaN
18000-18499	9.809899999999994	NaN	NaN	NaN	NaN	NaN
18500-18999	9.4585	NaN	NaN	NaN	NaN	NaN
19000-19499	9.734333333333336	NaN	NaN	NaN	NaN	NaN
19500-19999	9.356	NaN	NaN	NaN	NaN	NaN
20000-20499	9.232	NaN	NaN	NaN	NaN	NaN
20500-20948	9.630289532293986	NaN	NaN	NaN	NaN	NaN
>>END_MODULE
>>Per sequence quality scores	fail
#Quality	Count
4	3.0
5	3.0
6	10.0
7	196.0
8	1653.0
9	3231.0
10	6597.0
11	3643.0
>>END_MODULE
>>Per base sequence content	fail
#Base	G	A	T	C
1	25.821596244131456	46.38758476786646	15.642931664058423	12.147887323943662
2	27.230046948356808	38.8302034428795	20.924621804903495	13.0151278038602
3	23.871935315597288	38.51069379238393	23.598069900886802	14.019300991131978
4	22.254825247782996	34.34402712571727	27.790818988002087	15.610328638497654
5	21.015910276473658	33.53547209181012	28.299426186750132	17.149191444966092
6	19.946531038080334	31.031559728742824	30.614241001564945	18.407668231611893
7	19.94001043296818	30.22300469483568	30.099113197704746	19.73787167449139
8	19.52921231090245	30.44470526864893	29.603547209181013	20.422535211267608
9	19.314032342201358	30.19040166927491	29.942618675013037	20.552947313510693
10-499	19.4798708762081	30.500991680189575	29.512332825832555	20.506804617769767
500-999	19.43982065094941	30.581661902116924	29.63880667444468	20.339710772488985
1000-1499	19.405767002392423	30.630605501779574	29.703887650084397	20.259739845743603
1500-1999	19.361634616867608	30.651804307768877	29.714614774221733	20.27194630114178
2000-2499	19.391821816217202	30.615691357320866	29.70255761263814	20.289929213823786
2500-2999	19.353085993140127	30.657826317351482	29.712568088270668	20.276519601237723
3000-3499	19.375296699165467	30.56834614267703	29.72601136632974	20.330345791827767
3500-3999	19.359915124180034	30.505541096018813	29.79616528694482	20.338378492856336
4000-4499	19.3239734698464	30.662418137897625	29.686453607805007	20.327154784450972
4500-4999	19.32643392120949	30.703248909203452	29.647578096223004	20.32273907336406
5000-5499	19.2805475248858	30.766085035762288	29.674581115251886	20.278786324100025
5500-5999	19.181708562400452	30.8117084339516	29.71876926732775	20.2878137363202
6000-6499	19.22588122579994	30.77505492463076	29.671310733900842	20.327753115668465
6500-6999	19.179064952573547	30.75882324618422	29.79852451035464	20.263587290887592
7000-7499	19.14242282955119	30.72006591343114	29.941559312507582	20.19595194451009
7500-7999	19.0378718220029	30.709921465525074	29.959385093081604	20.292821619390423
8000-8499	19.042991076345793	30.76554975207958	30.03775498964723	20.153704181927402
8500-8999	18.989109280811032	30.76034283738645	30.044667004968577	20.20588087683394
9000-9499	18.990438221008716	30.94306988583519	30.020205920905923	20.04628597225017
9500-9999	18.687901125164476	30.904260318483313	30.16008082923816	20.247757727114045
10000-10499	18.722000709767656	31.038139573721896	30.09581863348851	20.14404108302194
10500-10999	18.770629711922528	31.11365125030503	30.129333042216256	19.986385995556184
11000-11499	18.749762589108222	30.829228762804362	30.520594603492157	19.900414044595262
11500-11999	18.530504806442195	31.143265180396597	30.483204454809844	19.843025558351368
12000-12499	18.752814488497307	30.648556045031818	30.434654919236415	20.16397454723446
12500-12999	18.47961445543075	30.84854673607133	30.55652412144156	20.11531468705636
13000-13499	18.457848379993706	30.305127398553005	30.749449512425294	20.487574709027996
13500-13999	18.251198857259464	30.964187327823687	30.359147025813694	20.425466789103154
14000-14499	18.084375607543258	30.81848227593805	31.015488302767157	20.08165381375154
14500-14999	18.374772589448153	30.722719651838904	30.988477865372953	19.914029893339993
15000-15499	18.076807680768077	30.35053505350535	31.588158815881588	19.984498449844985
15500-15999	17.450267860487767	31.521372644513544	31.307833514404525	19.720525980594164
16000-16499	17.36051237837172	30.859711787165907	32.10370735312231	19.676068481340067
16500-16999	16.78646934460888	31.247357293868923	31.44820295983087	20.517970401691333
17000-17499	17.175257731958762	32.74226804123712	29.237113402061855	20.84536082474227
17500-17999	17.74580335731415	31.774580335731418	29.796163069544363	20.68345323741007
18000-18499	17.283431455004205	27.165685449957948	33.30529857022708	22.245584524810766
18500-18999	19.5	30.2	30.099999999999998	20.200000000000003
19000-19499	17.9304897314376	30.647709320695103	29.620853080568722	21.80094786729858
19500-19999	16.666666666666664	33.00865800865801	28.78787878787879	21.536796536796537
20000-20499	19.8	33.4	21.6	25.2
20500-20948	14.699331848552339	32.962138084632514	30.066815144766146	22.271714922049
>>END_MODULE
>>Per sequence GC content	warn
#GC Content	Count
0	0.0
1	0.0
2	0.0
3	0.0
4	0.0
5	0.0
6	0.0
7	0.0
8	0.0
9	0.5
10	0.5
11	0.5
12	0.5
13	0.5
14	1.0
15	2.0
16	3.0
17	2.125
18	2.5
19	2.333333333333333
20	2.9242424242424243
21	6.487569355527102
22	7.238636363636363
23	6.606500488758553
24	8.812777979376497
25	10.417956213303185
26	12.253470153672836
27	17.754936230990527
28	17.347293171636345
29	16.68160202660544
30	21.781308051333152
31	28.242520705183143
32	31.325572225556193
33	35.41138331260815
34	37.05895910560448
35	48.71635183166499
36	63.07027985011442
37	78.35746767986842
38	106.33325604313006
39	119.81590771449741
40	130.62091814680633
41	125.75520465684566
42	107.66266651906936
43	90.8301322721865
44	69.39120346386758
45	63.224273698193514
46	54.99918808126627
47	40.71993079601329
48	33.69739197400938
49	29.1633518901094
50	20.29459917000281
51	19.888502021343925
52	16.871841903513353
53	10.819017562261884
54	9.64539666468282
55	6.1210106699354005
56	5.510933779129625
57	3.627234582662271
58	1.9375693555271019
59	0.49845399698340875
60	1.3943908128277391
61	3.4760754403156415
62	2.874117019858723
63	1.1196283391405344
64	1.5140845070422535
65	1.532258064516129
66	1.1825262255678324
67	1.0588235294117647
68	0.5909090909090909
69	0.5
70	0.5909090909090909
71	0.0
72	0.0
73	0.0
74	0.0
75	0.0
76	0.0
77	0.0
78	0.0
79	0.0
80	0.0
81	0.0
82	0.0
83	0.0
84	0.0
85	0.0
86	0.0
87	0.0
88	0.0
89	0.0
90	0.0
91	0.0
92	0.0
93	0.0
94	0.0
95	0.0
96	0.0
97	0.0
98	0.0
99	0.0
100	0.0
>>END_MODULE
>>Per base N content	pass
#Base	N-Count
1	0.0
2	0.0
3	0.0
4	0.0
5	0.0
6	0.0
7	0.0
8	0.0
9	0.0
10-499	0.0
500-999	0.0
1000-1499	0.0
1500-1999	0.0
2000-2499	0.0
2500-2999	0.0
3000-3499	0.0
3500-3999	0.0
4000-4499	0.0
4500-4999	0.0
5000-5499	0.0
5500-5999	0.0
6000-6499	0.0
6500-6999	0.0
7000-7499	0.0
7500-7999	0.0
8000-8499	0.0
8500-8999	0.0
9000-9499	0.0
9500-9999	0.0
10000-10499	0.0
10500-10999	0.0
11000-11499	0.0
11500-11999	0.0
12000-12499	0.0
12500-12999	0.0
13000-13499	0.0
13500-13999	0.0
14000-14499	0.0
14500-14999	0.0
15000-15499	0.0
15500-15999	0.0
16000-16499	0.0
16500-16999	0.0
17000-17499	0.0
17500-17999	0.0
18000-18499	0.0
18500-18999	0.0
19000-19499	0.0
19500-19999	0.0
20000-20499	0.0
20500-20948	0.0
>>END_MODULE
>>Sequence Length Distribution	warn
#Length	Count
0-499	1267.0
500-999	1027.0
1000-1499	998.0
1500-1999	971.0
2000-2499	951.0
2500-2999	903.0
3000-3499	903.0
3500-3999	826.0
4000-4499	815.0
4500-4999	711.0
5000-5499	652.0
5500-5999	646.0
6000-6499	584.0
6500-6999	679.0
7000-7499	548.0
7500-7999	499.0
8000-8499	388.0
8500-8999	348.0
9000-9499	297.0
9500-9999	259.0
10000-10499	203.0
10500-10999	156.0
11000-11499	153.0
11500-11999	94.0
12000-12499	95.0
12500-12999	82.0
13000-13499	53.0
13500-13999	55.0
14000-14499	37.0
14500-14999	42.0
15000-15499	27.0
15500-15999	24.0
16000-16499	18.0
16500-16999	12.0
17000-17499	5.0
17500-17999	3.0
18000-18499	1.0
18500-18999	0.0
19000-19499	2.0
19500-19999	1.0
20000-20499	0.0
20500-20949	1.0
>>END_MODULE
>>Sequence Duplication Levels	pass
#Total Deduplicated Percentage	100.0
#Duplication Level	Percentage of deduplicated	Percentage of total
1	100.0	100.0
2	0.0	0.0
3	0.0	0.0
4	0.0	0.0
5	0.0	0.0
6	0.0	0.0
7	0.0	0.0
8	0.0	0.0
9	0.0	0.0
>10	0.0	0.0
>50	0.0	0.0
>100	0.0	0.0
>500	0.0	0.0
>1k	0.0	0.0
>5k	0.0	0.0
>10k+	0.0	0.0
>>END_MODULE
>>Overrepresented sequences	pass
>>END_MODULE
>>Adapter Content	pass
#Position	Illumina Universal Adapter	Illumina Small RNA 3' Adapter	Illumina Small RNA 5' Adapter	Nextera Transposase Sequence	SOLID Small RNA Adapter
1	0.0	0.0	0.0	0.0	0.0
2	0.0	0.0	0.0	0.0	0.0
3	0.0	0.0	0.0	0.0	0.0
4	0.0	0.0	0.0	0.0	0.0
5	0.0	0.0	0.0	0.0	0.0
6	0.0	0.0	0.0	0.0	0.0
7	0.0	0.0	0.0	0.0	0.0
8	0.0	0.0	0.0	0.0	0.0
9	0.0	0.0	0.0	0.0	0.0
10-499	0.0	0.0	0.0	0.0	0.0
500-999	0.0	0.0	0.0	0.0	0.0
1000-1499	0.0	0.0	0.0	0.0	0.0
1500-1999	0.0	0.0	0.0	0.0	0.0
2000-2499	0.0	0.0	0.0	0.0059859154929577055	0.0
2500-2999	0.0	0.0	0.0	0.006520605112154353	0.0
3000-3499	0.0	0.0	0.0	0.006520605112154353	0.0
3500-3999	0.0	0.0	0.0	0.006520605112154353	0.0
4000-4499	0.0	0.0	0.0	0.006520605112154353	0.0
4500-4999	0.0	0.0	0.0	0.006520605112154353	0.0
5000-5499	0.0015258215962441273	0.0	0.0	0.006520605112154353	0.0
5500-5999	0.006520605112154353	0.0	0.0	0.006520605112154353	0.0
6000-6499	0.006520605112154353	0.0	0.0	0.006520605112154353	0.0
6500-6999	0.006520605112154353	0.0046296296296296224	0.0	0.006520605112154353	0.0
7000-7499	0.006520605112154353	0.006520605112154353	0.0	0.006520605112154353	0.0
7500-7999	0.006520605112154353	0.006520605112154353	0.0	0.006520605112154353	0.0
8000-8499	0.006520605112154353	0.006520605112154353	0.0	0.006520605112154353	0.0
8500-8999	0.006520605112154353	0.006520605112154353	0.0	0.006520605112154353	0.0
9000-9499	0.006520605112154353	0.006520605112154353	0.0	0.006520605112154353	0.0
9500-9999	0.006520605112154353	0.006520605112154353	0.0	0.006520605112154353	0.0
10000-10499	0.006520605112154353	0.006520605112154353	0.0	0.006520605112154353	0.0
10500-10999	0.006520605112154353	0.006520605112154353	0.0	0.006520605112154353	0.0
11000-11499	0.006520605112154353	0.006520605112154353	0.0	0.006520605112154353	0.0
11500-11999	0.006520605112154353	0.006520605112154353	0.0	0.006520605112154353	0.0
12000-12499	0.006520605112154353	0.006520605112154353	0.0	0.006520605112154353	0.0
12500-12999	0.006520605112154353	0.006520605112154353	0.0	0.006520605112154353	0.0
13000-13499	0.006520605112154353	0.006520605112154353	0.0	0.006520605112154353	0.0
13500-13999	0.006520605112154353	0.006520605112154353	0.0	0.006520605112154353	0.0
14000-14499	0.006520605112154353	0.006520605112154353	0.0	0.006520605112154353	0.0
14500-14999	0.006520605112154353	0.006520605112154353	0.0	0.006520605112154353	0.0
15000-15499	0.006520605112154353	0.006520605112154353	0.0	0.006520605112154353	0.0
15500-15999	0.006520605112154353	0.006520605112154353	0.0	0.006520605112154353	0.0
16000-16499	0.006520605112154353	0.006520605112154353	0.0	0.006520605112154353	0.0
16500-16999	0.006520605112154353	0.006520605112154353	0.0	0.006520605112154353	0.0
17000-17499	0.006520605112154353	0.006520605112154353	0.0	0.006520605112154353	0.0
17500-17999	0.006520605112154353	0.006520605112154353	0.0	0.006520605112154353	0.0
18000-18499	0.006520605112154353	0.006520605112154353	0.0	0.006520605112154353	0.0
18500-18999	0.006520605112154353	0.006520605112154353	0.0	0.006520605112154353	0.0
19000-19499	0.006520605112154353	0.006520605112154353	0.0	0.006520605112154353	0.0
19500-19999	0.006520605112154353	0.006520605112154353	0.0	0.006520605112154353	0.0
20000-20499	0.006520605112154353	0.006520605112154353	0.0	0.006520605112154353	0.0
20500-20937	0.006535492338437827	0.006535492338437827	0.0	0.006535492338437827	0.0
>>END_MODULE
